-2145212443
-2144675292
-2143971355
-2143940949
-2138374153
-2137605371
-2136811916
-2132668781
-2127616228
-2122234109
-2119637932
-2119181701
-2113081026
-2102194425
-2094073257
-2087146835
-2084688581
-2084127990
-2083700128
-2079339175
-2077701795
-2067370512
-2067274906
-2066871563
-2061244172
-2048417628
-2046325536
-2037476229
-2036975994
-2036692045
-2035979077
-2035594161
-2035026207
-2033556243
-2030915082
-2029631761
-2020674983
-2017362796
-2016226197
-2012637275
-2012634628
-2011965106
-2011264534
-2007807879
-1996284300
-1994273329
-1992915424
-1990262067
-1985164213
-1982908045
-1978910377
-1977643182
-1977363743
-1969005199
-1962264124
-1961234030
-1946822454
-1942921040
-1938673571
-1931973801
-1931312422
-1918860383
-1915308940
-1907084425
-1904452547
-1904313210
-1886883061
-1886808915
-1882901456
-1880169725
-1874910291
-1873438671
-1861348970
-1851016238
-1839084221
-1838837599
-1838298845
-1837049598
-1826965221
-1825904286
-1825699665
-1824996644
-1823605773
-1818611448
-1815579595
-1811704414
-1805696812
-1788859382
-1781760160
-1781057283
-1775481092
-1771383731
-1765946020
-1763935495
-1763603659
-1759604534
-1759386045
-1758615700
-1752448641
-1745017014
-1736943983
-1732577626
-1730048291
-1728492755
-1718958823
-1716868597
-1716565923
-1712693446
-1709125249
-1703288582
-1703139948
-1701236911
-1701139158
-1695386201
-1692758506
-1689050364
-1688136078
-1687699352
-1686546408
-1678031216
-1674522702
-1669386762
-1665312898
-1656165850
-1655525325
-1655411104
-1652132135
-1649880823
-1648154980
-1648131540
-1646518880
-1645906486
-1635940441
-1625316900
-1624895390
-1624386223
-1621581908
-1619958195
-1614663757
-1609240400
-1608855329
-1605014629
-1597501860
-1592890900
-1592257324
-1589114937
-1585015713
-1583586798
-1583544120
-1582859245
-1570477904
-1569994647
-1567964613
-1554953153
-1554841430
-1553185280
-1547416643
-1547398167
-1546370648
-1543280305
-1542347187
-1541690687
-1536678544
-1536658481
-1535053867
-1530574053
-1530246298
-1526321479
-1524933373
-1521526824
-1519982492
-1508347709
-1507264408
-1505414985
-1484232178
-1478496982
-1472187730
-1469088702
-1458791726
-1457222724
-1453932913
-1447978711
-1443901385
-1443274738
-1442256130
-1434611429
-1422047581
-1421668864
-1420681663
-1419414854
-1415351078
-1395615993
-1381434897
-1380208927
-1373699494
-1371281013
-1370204328
-1366483233
-1362114379
-1359316873
-1357384413
-1350633747
-1342039941
-1339871500
-1337201256
-1335888925
-1330527723
-1318305132
-1304495142
-1298971603
-1298827789
-1298021454
-1290836872
-1286027709
-1276652163
-1270555046
-1266454369
-1256274073
-1252652978
-1251095113
-1249796200
-1238566135
-1238372297
-1236940293
-1232584461
-1227155424
-1222341403
-1219535961
-1218947568
-1217294856
-1216635592
-1216592164
-1216167564
-1210762314
-1209326441
-1209256158
-1203415787
-1197775638
-1196744750
-1186617313
-1178575713
-1177958485
-1176968114
-1168901602
-1164699166
-1163266231
-1162587765
-1162305582
-1161132083
-1160018175
-1150139158
-1146372475
-1143735385
-1142716479
-1142492947
-1141088567
-1134384139
-1128979032
-1126753401
-1113523314
-1113386878
-1110223985
-1109897652
-1105973068
-1103346499
-1103269609
-1100794235
-1095070236
-1089230469
-1086068624
-1083993908
-1073044453
-1055367203
-1055332646
-1047424772
-1042351967
-1041028332
-1037939565
-1037279693
-1024296927
-1017192039
-1015045454
-1010020057
-1009415086
-1007800516
-1002965624
-998477124
-996443835
-993667742
-992997046
-989786865
-989264536
-981459160
-959932655
-949033611
-946503359
-938289633
-936522080
-923031103
-921219946
-910483900
-908075355
-907886646
-890935756
-885725424
-884411239
-876438773
-875764667
-866206627
-856209216
-851119497
-843277849
-840786848
-839673106
-837910165
-835723476
-827921293
-827557385
-825840896
-816697764
-815231783
-812143611
-811166702
-810674020
-809440950
-806140208
-802414478
-796687680
-795025143
-792896815
-788829264
-785405119
-783358372
-782765935
-767244609
-763407394
-760003687
-754471065
-737167763
-733315246
-729770478
-727518663
-722415006
-716461505
-702849661
-701820482
-692140774
-682845801
-677674453
-666001575
-664785489
-659240141
-658044044
-650091250
-649187663
-648105103
-646960581
-630137737
-629387556
-626643733
-624059793
-610927545
-608915241
-608111869
-603185228
-602751674
-600363092
-593823934
-591800361
-591501505
-591195822
-590889146
-588885745
-586868266
-578945373
-571035277
-570218607
-568561085
-568253286
-551834923
-551698831
-536886127
-533688416
-529612671
-525328386
-519094841
-517364042
-502332216
-498260431
-498197604
-496168307
-493509317
-493307739
-492697931
-490848413
-485157835
-477361903
-474507869
-464886736
-463104375
-460835930
-459562074
-458032426
-448865344
-440382200
-438092260
-434548400
-416311743
-415650782
-414809617
-410209170
-408339442
-406692824
-406611646
-405977293
-405540358
-393794856
-392580045
-389977309
-385406129
-381848410
-380143802
-378273653
-374382870
-361486559
-348339855
-346682665
-342909286
-334744723
-328746902
-319540478
-315732550
-315458059
-305587516
-304172889
-299423406
-296758666
-296565255
-292823088
-291663568
-284606284
-283369476
-278545933
-276296688
-274908006
-266250899
-265280751
-262856706
-260886546
-260473500
-254022554
-251447846
-248896927
-242017436
-231987111
-231412907
-229829829
-229189313
-229005564
-227933142
-224907629
-222936570
-217809727
-210736408
-209017628
-206058209
-205933406
-204966849
-198310189
-198062276
-191931432
-191030467
-179843648
-173807421
-172426141
-168336689
-165469926
-154015946
-153751923
-153325468
-151496234
-147347485
-144884027
-141681353
-137519973
-131175411
-128449891
-86993122
-85584682
-82162304
-74199339
-65365592
-60367747
-57287476
-51389507
-50314534
-46815979
-46219974
-45027713
-31201881
-27221391
-27055872
-26160600
-25969948
-14087328
-6840689
-4258605
4592763
4771781
8493462
14083098
16093571
17610166
19804531
26411520
29982652
36928876
37786472
47645496
48482391
63385759
65176282
89540084
92267182
92828503
102011497
103577237
113059766
119252268
121418297
130407912
133501180
135061890
146031556
159238586
161045415
163770725
168578380
169084743
169117115
171752463
173930623
175574853
181122994
183095412
184577048
193349122
194910085
196103218
208266699
217729262
219126133
223336638
226024647
229534677
232121221
237879339
243507957
243566814
244282626
248598129
248777763
249580706
249810194
250431357
251832934
253160369
253653345
256093269
266708663
268300041
268445344
289384642
292931639
302986513
305874904
312642717
317240422
317975068
324093274
327174776
328294693
339638130
354327379
357061578
359360437
371752743
374297054
383488193
389873687
393200278
396536561
402093610
406473634
407517802
407596105
409821882
414824685
416476063
420915043
422178984
425449154
427451070
428537028
438732089
438953285
443058057
445039835
448910887
449865931
454598576
454714879
456605030
472505595
479863231
480290169
484848745
501547032
503622784
514092404
519777883
526583368
526638181
530953612
539114850
539650117
543948425
546333548
548219252
552307555
555154652
559734046
564755511
566142010
575308386
578577202
578968939
589718839
589879334
592805130
593924182
593980981
598252983
600076294
601005389
602228906
602500702
609425130
613695311
618091292
621574843
623170867
623762102
624419647
625057704
630472065
633172225
642490322
642676927
654394159
661883673
662011379
671987500
672049405
677816340
680098102
681446568
687256791
689127506
693773099
696381284
696433868
702981222
708519737
728993704
739292191
744348249
758666541
770984611
776973452
777270302
777475395
778571139
778807412
779648446
785115537
795243367
808704472
810496382
834305860
835727053
843217698
845909512
849013276
853532625
858821929
859082650
864153047
875585686
886124183
886481402
890303245
891099427
891680499
892688580
900847122
906403343
906567212
916895626
927176144
928625897
931411534
942527194
943411011
944145409
945423360
953666433
954400402
956064354
960154103
965021318
972775471
973660805
976076392
977308224
980085007
980922775
981968709
983391106
991284487
995498052
996970480
999920963
1004723194
1005514366
1006384084
1013868356
1015784057
1015899091
1027797245
1029072222
1030966232
1031455301
1037412052
1046469136
1052720962
1059526172
1060095832
1060622806
1065671724
1065720429
1065872303
1067388599
1067538277
1073723401
1085948900
1090994351
1093278306
1101042631
1115028972
1115856788
1121178877
1121391653
1124797063
1127912771
1132981130
1134511082
1137737884
1147447381
1155458995
1158624140
1163127588
1163560106
1166855528
1174275161
1176104656
1181492576
1186137996
1190239265
1197356212
1201919395
1214505816
1214842343
1215815904
1222755326
1222956130
1223593334
1224355049
1230810957
1244531486
1249528776
1250306510
1251160879
1254352653
1261758945
1279191526
1281838362
1292154734
1293395603
1301950197
1302262757
1304015573
1304753318
1305222190
1318378038
1321828365
1323210209
1323817060
1324107096
1333196991
1333297537
1334078326
1339142234
1349421875
1352641230
1359093912
1365417469
1370502082
1373733975
1379400377
1381830930
1386232017
1388232916
1396088408
1406357180
1407805495
1415638753
1419584826
1419707463
1420191388
1420406471
1421000839
1433356017
1442521437
1445290323
1451162956
1451389689
1458562441
1463846111
1464580950
1464964320
1471754309
1474274038
1479360066
1488486983
1493024117
1493091990
1495356345
1504762323
1508537550
1515090339
1516661934
1529905686
1542237114
1545575663
1551163173
1551539423
1554668524
1555658458
1559106283
1559705340
1560571519
1562704176
1563492338
1569923159
1572564387
1576063119
1578622691
1578952257
1587524407
1605293767
1610609508
1611103679
1611902021
1617381662
1617684965
1620716192
1622290355
1628627682
1639261618
1644509342
1652857328
1654021674
1658863069
1659140249
1660269348
1666017820
1667777354
1676488903
1683309678
1686156667
1691966453
1693888104
1698698182
1701737726
1711554294
1724085134
1724471118
1728402406
1731752573
1734624485
1735747189
1748087279
1750667026
1751630604
1757065919
1758776635
1771747085
1781491432
1784735867
1786761508
1791757688
1795806161
1805810090
1806901662
1808778634
1809686967
1811920676
1815504432
1826273953
1827414587
1827755080
1827765726
1836281777
1843071042
1848758392
1851695224
1857442149
1860747247
1861265980
1861908865
1869354019
1876412479
1882306624
1884113300
1889676648
1895112137
1903414228
1903488113
1907027806
1913980726
1915648125
1922229494
1922230813
1926389014
1926663724
1931507137
1937670214
1940653018
1947513691
1956600198
1963044860
1963120472
1965523179
1970293459
1974532070
1981467185
1983639370
1989084485
1993265386
1997469080
2008297089
2009863742
2010922774
2012473309
2012964361
2013099127
2013181707
2024664132
2028613772
2035237761
2035980715
2037690487
2038525210
2041563735
2042168570
2045038822
2049042289
2053734726
2054149626
2057399241
2059719658
2061556910
2068440580
2069185954
2072155518
2075961132
2081287196
2081751892
2093587165
2114732099
2115789761
2124488705
2131308595
2137245520
2138217479
2140580436
2141930525
2144265930
2146186715
