-2043601419
-1987575447
-1952244208
-1949761972
-1929282343
-1926548400
-1924489717
-1909925855
-1907693571
-1899854037
-1894343304
-1806641442
-1800428072
-1795764929
-1740990979
-1661451614
-1659610508
-1641851728
-1633593064
-1556133950
-1515281519
-1505082630
-1503291186
-1495349888
-1482025798
-1454418485
-1387680701
-1372531545
-1369860652
-1243631583
-1231136443
-1178737030
-1141312238
-1133253242
-1075823503
-888023858
-835276283
-777342648
-625692565
-583734455
-463349900
-454523284
-393197607
-391869165
-353416251
-333391237
-272923598
-238520885
-176710679
-157242146
-130159649
-127825938
-10740633
-5013624
66593939
194179548
283032134
354331113
420193292
449280338
457404001
549661161
549752473
556304295
567908204
616510360
647979973
660361084
703590850
739761775
809157017
863057587
908751257
962699705
978119253
1007292889
1066809140
1092096006
1105317196
1134772283
1150141261
1267974953
1311635554
1402613552
1411967493
1467619712
1532953380
1601403862
1606504384
1623328695
1645279571
1684253101
1685865723
1691240790
1720775957
1790181417
1911060092
1980979751
2031467876
2127095248
