-2129896162
-2119064446
-2104032043
-1976736899
-1965090222
-1950972639
-1893781591
-1881893722
-1839999076
-1817021820
-1803516217
-1787225643
-1595678002
-1484853586
-1460195082
-1388115338
-1381519812
-1364650458
-1341574336
-1265950763
-1219122228
-1135991557
-1115050266
-1057089332
-996402167
-943748650
-861578300
-820823446
-808047339
-776973432
-639373362
-593610219
-586127591
-526986523
-492154960
-372422801
-328391736
-232186263
-213449786
-178616034
-120468536
-39992158
-38476443
28088593
143857967
144634216
258881816
349085594
355972802
432281979
445243881
488849968
517290491
604808782
652101603
696052887
699642648
778051031
824708184
837544186
885471668
886306337
898643534
948371557
1029579423
1039783162
1055857130
1107225702
1108809359
1173493372
1176780818
1305356899
1319367285
1350093745
1350632502
1378521485
1381854822
1389402610
1399332221
1431027078
1432450157
1443307406
1443796216
1449225518
1468817895
1624994252
1630096935
1641400852
1694743172
1835841522
1898416391
1898667890
1904556492
1986101146
2020030441
2029472941
2072767311
2073647150
2082974788
2146409926
