-2138929792
-2137692387
-2130909094
-2130110610
-2122680504
-2121929748
-2116910913
-2110251987
-2109535637
-2100223846
-2092602080
-2086848208
-2083461907
-2082941230
-2081559232
-2077841919
-2060002451
-2059654000
-2053670410
-2047995837
-2036244746
-2032423427
-2031787885
-2022526099
-2020635949
-2013691955
-2010582195
-2009169007
-2007269970
-1995704446
-1994830063
-1990823776
-1980018422
-1979337566
-1972322469
-1966096828
-1965274801
-1950168608
-1947112859
-1946982202
-1940664958
-1935324745
-1934650206
-1922819201
-1922066386
-1919400765
-1919192903
-1905258629
-1903034982
-1902236604
-1899344903
-1892553779
-1889788084
-1887795438
-1886548046
-1878263947
-1878091158
-1877841165
-1876184349
-1872823972
-1868951875
-1866598914
-1861277851
-1860017019
-1856765408
-1854481891
-1851825994
-1850184187
-1837839015
-1835297595
-1824834434
-1815803184
-1800448624
-1799065446
-1788473239
-1787450356
-1784234352
-1783202553
-1761576712
-1759274955
-1756744812
-1754726996
-1745211007
-1744285203
-1743328681
-1738347878
-1737105103
-1731381008
-1729162405
-1725820178
-1722192895
-1715898400
-1713274785
-1711906038
-1704083107
-1688463424
-1686185937
-1685882454
-1677915948
-1675173483
-1667842412
-1657957742
-1649870080
-1642685893
-1639169969
-1634834758
-1623829190
-1614503052
-1609270022
-1608873031
-1605589862
-1588745097
-1582072006
-1577602022
-1572078242
-1564080917
-1563576715
-1561554287
-1556980300
-1543535777
-1536102626
-1533781791
-1533511611
-1528840408
-1528441986
-1526846507
-1518249418
-1515449337
-1514509714
-1513673622
-1508193994
-1507366898
-1504007338
-1503709650
-1500309016
-1499030488
-1494379427
-1494232266
-1487978997
-1480879431
-1478446568
-1475450202
-1475252073
-1473612655
-1456753353
-1450103374
-1449931691
-1449756411
-1446623921
-1445953645
-1441568233
-1437934797
-1432541728
-1424832958
-1424000927
-1423756738
-1423025843
-1422647945
-1417518441
-1416281120
-1414713664
-1408255975
-1405334850
-1404434793
-1398973692
-1397554050
-1397408649
-1394724843
-1394614649
-1389660214
-1385263530
-1374817960
-1371116874
-1367441144
-1366557530
-1360959880
-1358455873
-1346354593
-1345121750
-1344087256
-1342568749
-1336922774
-1331329298
-1329103889
-1328937141
-1328011185
-1327542472
-1320070093
-1318091552
-1317731570
-1311380177
-1309779186
-1303458618
-1295489488
-1282255892
-1271923294
-1269429949
-1264928442
-1259651374
-1256535942
-1238280232
-1237250255
-1225518538
-1223130540
-1222733097
-1220142380
-1218469077
-1202906170
-1191617746
-1189095956
-1188554407
-1187510407
-1178186218
-1172969849
-1170665661
-1164982879
-1163591032
-1161402182
-1161287913
-1160745444
-1158233442
-1156553252
-1154835934
-1142695172
-1139819665
-1118664366
-1117764289
-1117113352
-1114544999
-1099503539
-1094699634
-1094090427
-1092880012
-1088671296
-1081791746
-1074571881
-1073683553
-1073223153
-1072266125
-1068782756
-1061509058
-1060175374
-1051549209
-1049739344
-1041418194
-1030845732
-1023929491
-1020677423
-1016122688
-1014628722
-1011142857
-999746449
-998215613
-988570701
-983472901
-981338172
-981331114
-968755751
-967035440
-966433484
-965666146
-964730274
-964563286
-958422194
-955976417
-947088930
-946694593
-944297357
-943927514
-943844849
-943014926
-939103996
-932278620
-931824572
-925240880
-922341086
-917252977
-906370535
-904262138
-901368101
-897486475
-891832253
-877052360
-874011048
-872472765
-872329542
-869788525
-846956035
-846025616
-834815867
-832387346
-826433030
-820168914
-814812254
-811417311
-811393924
-808146052
-802104034
-797579584
-792422684
-791422157
-778954034
-778724443
-772614718
-769916933
-766134403
-755468896
-752930084
-751249909
-749867926
-734623781
-734148801
-729428605
-722136150
-717741025
-707980000
-706742756
-704213398
-704028144
-692533626
-688469894
-685600328
-673714768
-673386927
-672549400
-672424397
-668994990
-663228631
-660776151
-660688975
-655981136
-654335602
-651508707
-649120891
-642159556
-637853532
-634013773
-631467453
-620457724
-614464215
-610417016
-603387263
-595665781
-593059516
-592270699
-592202321
-590383885
-580919407
-578608816
-577290253
-574611240
-572261481
-570418735
-569739737
-569196344
-565017894
-557536798
-557084698
-555738715
-555351791
-551719336
-551386482
-545289904
-537901543
-537498800
-536434378
-530048417
-522697829
-521550145
-520111123
-519453177
-515200950
-505796855
-503905159
-482838313
-481312521
-470250811
-466422240
-465701979
-463930813
-460919620
-460181134
-451457604
-448944506
-446804402
-442325328
-441838096
-437755217
-436693853
-434153532
-432361604
-429336361
-427749229
-421852603
-416867034
-413928119
-412266962
-402559041
-399018572
-398674436
-395126190
-393134846
-384138404
-380806728
-377405104
-376791291
-368412215
-360703170
-348442030
-343879560
-342272978
-338007865
-336656236
-335222538
-335080746
-314248065
-314014857
-311316449
-302671709
-299028477
-297519575
-296973275
-294319405
-291087437
-285989255
-280986769
-280401862
-278871342
-277808841
-273564003
-267259767
-266991401
-252159320
-249834793
-247505303
-247211932
-246177160
-235629153
-233568802
-233322602
-232161531
-224576405
-221711087
-217472966
-215271520
-214899074
-213721709
-202045707
-196777660
-189834211
-187228627
-183032385
-179365127
-179209281
-176745487
-174467895
-167873421
-161406072
-160540847
-159436770
-159343741
-155731643
-148221414
-137672143
-136274779
-134237505
-131259744
-126020683
-125786503
-124506775
-119679439
-119030700
-105641830
-105577916
-100540561
-97495419
-95097859
-94907988
-84178720
-78497693
-78244036
-77235360
-77028201
-73588057
-55474496
-48770007
-45418333
-27058940
-24273283
-22014690
-21944838
-6575660
-5919551
-5345518
-5220319
-3959287
-2878574
-2357394
2870335
3944303
6512999
9515544
12764390
18262912
20363457
20715786
26976958
33000652
34538305
40857350
44175437
55247060
57591230
59802243
61937421
68693758
69918801
73597594
74354914
79043470
80133799
82421691
82987804
83237846
84427553
87208414
88132312
91919614
92189980
103519275
106505866
124881215
130611564
130733262
136071771
141986332
145092474
145096541
151091889
158867691
165063825
169818788
179900515
190285117
191580554
198990777
200170957
203802151
210627099
213277334
215571478
216305241
221264004
230294786
231467141
234646849
241330219
245810923
251446216
258069615
262586623
268669420
277144207
287029510
298605522
300997728
301051234
301516982
304761988
312324957
315055269
316931659
319782811
321663179
322221990
327160577
329305787
329656419
332490242
345110682
347459233
349947665
361902465
363027093
369958185
370052202
371720987
388361920
389193076
391819076
395541784
397033466
399072783
404474654
411510375
414284445
418205939
419413278
420854529
422870012
428794355
436486093
437482847
440287390
452116928
454316126
461569627
465587671
468468619
470818689
473688251
474699699
480167186
483703241
490174126
492797804
505001329
505544371
511855712
513028064
523439075
523834485
524281752
527287751
530690485
535070078
555185359
555697410
557107792
558838776
559927383
576888093
580057867
584894944
587618959
592572462
605036148
606490340
608587629
610650804
620397259
621260402
623392845
623673243
627440194
630594438
634861336
643483375
648485289
653335516
658865279
674499482
675838126
676246529
678298320
680981787
682145431
690872816
694632583
699062162
699964254
701982158
703561364
705353031
713436727
716267645
718059478
718538651
721970572
727190112
727908912
732334848
732671636
744465109
746053717
747649858
747755376
749937918
751820508
758240545
758551938
771369316
772302838
795331123
795956439
796342162
805008294
812051725
812794829
818107895
819430962
823420106
824581863
832831470
832956323
834686868
841272988
846816871
854119026
854996396
857994372
864630379
869211439
880736171
883585461
884116238
884233954
885727900
887736200
891666615
893958500
894533390
895956524
905749331
908489819
911980899
912540092
915740460
915905460
920521625
923039646
927577818
931425319
931921628
933386289
944096321
947829113
948763658
958155815
963460469
980594098
990295501
998826843
1001345312
1001609652
1002065951
1005624080
1015292265
1018878103
1037849535
1039162779
1042863773
1043332087
1049171897
1050117054
1053139105
1053758930
1060548761
1064991618
1065818246
1071240968
1077885380
1081529816
1084264363
1085177304
1095072641
1096951485
1099909302
1100218473
1102994151
1106908221
1107063134
1110608081
1111408461
1114356830
1119034372
1131103945
1135776463
1140005348
1150497810
1155460020
1162442232
1199876621
1201906078
1205900730
1208296397
1209968737
1217997931
1228583037
1230503617
1231031240
1232249362
1237141924
1237601014
1247129047
1248618967
1250238119
1256009200
1261127234
1278158105
1292075758
1296166183
1302036223
1312018714
1312700696
1315375386
1319666273
1322626085
1324445539
1327428853
1332643282
1334200124
1334423285
1339302417
1345499350
1349102734
1351631482
1352505192
1356115920
1356721561
1360801601
1361402446
1361877752
1363942542
1370106151
1370415954
1370607771
1370639595
1378479377
1382160500
1382665499
1384989673
1392867633
1394095255
1398893103
1403798931
1405471242
1407159470
1408186056
1410757153
1414556427
1417391771
1418269376
1421500756
1431345376
1433629560
1435493209
1438423033
1441037531
1455359786
1455490385
1457203129
1458170138
1466735931
1472718117
1485185426
1486000080
1487536838
1492846762
1494350295
1511380575
1514799568
1514917188
1515807207
1516093629
1516362596
1516853827
1518646155
1532506378
1534705004
1554488468
1562891319
1566457703
1571104798
1571594797
1579564919
1584241774
1584573930
1585101042
1585283954
1588455731
1599291716
1608967999
1609132788
1609185103
1619356515
1619494984
1622914127
1630863951
1632434599
1635638903
1645965493
1652096307
1653210448
1653786562
1655731032
1657550222
1657809435
1658210471
1660229932
1661489721
1662457368
1664751375
1675535155
1677599010
1683619172
1697397969
1700093389
1702462555
1704653563
1709161032
1711604964
1712222772
1714906289
1718337577
1718887548
1725729693
1733343028
1738287831
1740592776
1749249816
1751814719
1758618530
1758793625
1771239266
1775064598
1784120090
1786521146
1799516989
1799618471
1799746758
1804179662
1808940185
1813671047
1814652621
1817345727
1818220816
1825718174
1826523650
1846126117
1850056832
1851359005
1862579440
1875677441
1877875667
1881305463
1896598256
1901135867
1907154366
1925033523
1928863304
1931411067
1932862048
1943404103
1944370131
1949140379
1949865318
1959635204
1960665613
1961211433
1968063720
1974779735
1976250395
1985906785
1988596750
1989885366
1992748779
1994043624
2003210518
2004723362
2005203057
2006366620
2007892668
2010713297
2012545877
2013110167
2014289587
2015289823
2017724129
2019459527
2019515672
2022578515
2026969423
2033157616
2040344450
2045742344
2045782093
2054632710
2056554279
2060415261
2064470046
2064643715
2066003731
2072016948
2072944262
2081408246
2085676817
2091817060
2101492982
2102893753
2102982443
2109139707
2110879841
2115870983
2119272057
2131923361
2143091858
2144104601
2145176157
2146475381
