-2147186653
-2141445973
-2135713553
-2134935314
-2133971966
-2131748653
-2126496077
-2118914478
-2117260927
-2116896550
-2097432323
-2096703135
-2096336337
-2094455129
-2093972035
-2093261042
-2088756840
-2085693685
-2082480639
-2076182797
-2070518604
-2068253323
-2050646025
-2047382529
-2045634177
-2042085404
-2038131372
-2032349267
-2020181911
-2008990085
-2006964943
-2003936113
-1994013166
-1992536196
-1981344115
-1977331595
-1977281327
-1975395636
-1974355352
-1971654979
-1970590050
-1965694620
-1965380851
-1961626760
-1960785913
-1959253543
-1953957014
-1953840177
-1951498474
-1951370145
-1948717573
-1938329879
-1924333605
-1923215234
-1921437316
-1919472476
-1915066139
-1914948417
-1913656285
-1910679518
-1901770018
-1899763610
-1887867108
-1885247585
-1882609201
-1879729133
-1879667896
-1874616193
-1867015141
-1864452634
-1864061420
-1857625853
-1849116724
-1841924441
-1839313813
-1825161979
-1820285207
-1817454231
-1813949370
-1805849082
-1804883784
-1804065964
-1803648573
-1788713541
-1783188718
-1781465030
-1780791161
-1776154615
-1771505079
-1770550328
-1769874780
-1769432510
-1758789710
-1757066843
-1754103105
-1752427415
-1748551639
-1746376034
-1746249254
-1738698949
-1737411274
-1736514008
-1734213117
-1733972999
-1733521164
-1726689471
-1719036482
-1715062306
-1707536734
-1700332852
-1685440070
-1681852563
-1680210946
-1667060516
-1666503520
-1661569934
-1657004751
-1650129697
-1650002418
-1642447093
-1641975165
-1635397388
-1627550614
-1616984902
-1611258255
-1605593232
-1605537614
-1604975284
-1603731618
-1603350932
-1593951604
-1593703481
-1591448337
-1588049804
-1587861544
-1586167643
-1585543782
-1579767460
-1577667376
-1577069691
-1575318950
-1570197917
-1567949761
-1567151239
-1564205446
-1554814072
-1551361650
-1550529255
-1547287275
-1546378616
-1544222329
-1539890134
-1528250503
-1528155579
-1520337357
-1518204266
-1513300987
-1497638497
-1489912604
-1489229216
-1486663212
-1480448501
-1477177630
-1476147772
-1475620828
-1472262777
-1470815062
-1469412003
-1467286421
-1465512293
-1463651809
-1459340735
-1458051640
-1452954826
-1452233433
-1442406092
-1441950942
-1441797808
-1440807840
-1430833584
-1429217870
-1428783679
-1428053412
-1421743330
-1421100119
-1407789642
-1405786951
-1404245305
-1401672348
-1393932200
-1388592053
-1387682529
-1384689333
-1375666533
-1369472454
-1355537504
-1355305639
-1350984291
-1343599636
-1340093005
-1334507173
-1331856457
-1327974373
-1322713485
-1321098742
-1320967632
-1319603825
-1310415535
-1307368393
-1305476975
-1303855535
-1300332557
-1300152883
-1294906867
-1290121411
-1282969248
-1280890383
-1278171564
-1276859103
-1275818392
-1274974795
-1273128245
-1265558161
-1260282123
-1259804603
-1246464636
-1234815345
-1230796973
-1228528548
-1225856054
-1218806969
-1216243378
-1214670045
-1213328985
-1200242362
-1197868874
-1195770808
-1195601652
-1195038487
-1179982132
-1175230056
-1161094830
-1158088785
-1156424204
-1155896791
-1155358132
-1151955343
-1151904844
-1146253854
-1143857060
-1142114292
-1141818468
-1139157900
-1138655375
-1134648760
-1130861504
-1130458145
-1121796368
-1111073198
-1110728771
-1109924914
-1103819500
-1102703145
-1094293211
-1094213720
-1093749789
-1091297824
-1088373404
-1086596958
-1084183943
-1080874990
-1077678320
-1074206846
-1073764285
-1063199152
-1058332834
-1045107696
-1040146867
-1031442430
-1023914945
-1020710858
-1007447391
-1006324677
-984229583
-984153401
-977583137
-963074322
-958460141
-955953043
-953841555
-953407331
-945078141
-944272466
-942214202
-937373734
-934014901
-929414494
-921612720
-913758433
-912186639
-892927175
-890588076
-880084405
-879154267
-872655305
-872274529
-869159353
-862514095
-861473484
-856687667
-856415069
-854848196
-843755405
-841348040
-837145660
-831049307
-826987355
-826074805
-825682907
-822239105
-821926631
-814839441
-813358117
-812512109
-811122478
-810076729
-808191711
-799856103
-794048979
-793121122
-788896750
-774759036
-771404950
-770030849
-769721114
-769643926
-766301029
-763633962
-756126406
-752739659
-752139550
-749451781
-743909644
-742336736
-741412150
-731743428
-730448031
-724300343
-722799172
-706844386
-705971348
-697362275
-697358957
-695799007
-695423329
-688962063
-685717183
-678373727
-673688991
-664083038
-659994454
-658273695
-653865034
-646971190
-635825990
-634404192
-627486093
-624582148
-622845590
-608377260
-607306618
-603282450
-596192804
-593984276
-586159560
-582380891
-575699640
-572305366
-560223784
-550566815
-547854603
-546489811
-544220064
-543798554
-543268906
-534258637
-525255403
-509975019
-507237013
-505107830
-504068826
-502019481
-499896631
-490774340
-487798488
-487272761
-487244752
-483738566
-481723780
-480570478
-477172849
-466031311
-460083116
-444852413
-439402798
-438621056
-436501180
-432402158
-425953203
-419891738
-419032608
-416892932
-415523072
-413397953
-410779202
-403964960
-400286134
-397438951
-397000833
-396064880
-395017486
-384605513
-377829812
-361786404
-360120365
-359742439
-355579800
-347783081
-346241662
-346165691
-344858105
-343221222
-332725743
-328235293
-322148212
-301958434
-299548832
-299195804
-294034427
-292143504
-290118566
-288753596
-287861247
-287185618
-280773537
-270973446
-265537909
-260169968
-259467008
-256809954
-250583308
-247066046
-245866221
-244443490
-233344805
-227416434
-225608163
-221750031
-208989253
-208378508
-205840516
-205306349
-198654686
-197659132
-191149760
-187962812
-183189611
-178544375
-177516111
-176341803
-175855812
-169420283
-167503074
-157558472
-147129618
-147057739
-146420389
-145801123
-145028134
-143442460
-136007828
-119980480
-106687626
-104631842
-101288850
-99931541
-91246780
-85037026
-81263487
-78258409
-63496152
-63123655
-56292869
-39963065
-36721129
-36057163
-33339755
-25654774
-20928199
-20863948
-17678391
-12183657
-9443076
-4692173
-2500643
619135
5457775
8535527
8970859
12452060
14022648
14769479
21618608
29085883
29668814
31267198
35323640
38661539
41871460
43297295
49820430
60537466
62431328
70801961
77684341
80772969
81186672
82295019
89583526
95295450
98120053
101456668
103112225
109055912
109634606
113683510
113725612
115852742
120301538
120371930
125237690
127298330
135951404
139278668
143129397
148646260
149785341
149874645
153255967
162096603
164718302
168317502
169990763
171644969
172435525
175428711
177512951
185282326
191547438
191607090
192127808
192130901
195007457
196001041
198659638
211939803
217840944
220923907
232563420
235015633
236425805
237850573
239436158
241377748
249729827
250867212
252349137
253107715
258400060
275184601
276258248
281474390
283112649
284130953
290711569
305242084
309512002
311342296
311463512
320394469
334344162
336453649
337419560
338618247
339313091
339546150
344106203
347577124
351723312
354186046
355278950
361679915
362955210
369174138
369370288
370955658
371274066
372032598
374547282
379813167
382726626
396293310
403384722
404841789
413223956
416472569
417470762
421884161
430003861
431731290
436823410
447423124
450718282
451823858
453850579
455557733
463318507
476384863
478941722
488211450
488682825
490655459
492068249
493746208
499090873
500482505
509015648
510956184
511406589
512350985
528940451
529116459
536145017
540425616
542957824
545257712
547960733
548972666
556658349
562296080
562673326
584757343
585218172
590648028
593242685
598199840
600753869
606121330
607918945
610884228
612893889
620401474
625947644
632528044
633309538
634530350
663138803
667230939
670493730
676298128
680899856
684740364
684914221
687889529
694759052
694936318
694996872
698558723
700232483
705852979
707666685
708808943
709341587
712774001
717603684
721780827
723901126
724590832
729562097
733989815
734775333
737305965
741923606
743214547
744540373
750109273
752209436
756769623
758278871
762054019
764673518
778919035
783195235
787488208
789300799
790806300
794659370
794773732
797469724
799086366
801694803
806673119
807717522
811549281
816102041
817406400
817433733
821290368
822050548
827633956
832134927
832578094
839947591
841363402
845320069
852547733
858341536
862033548
863587825
869134488
872598283
874656451
878185353
885098640
889188364
891095585
891870774
893437288
903634983
906566078
910589512
912978995
920743943
925635258
926728708
930077051
937200397
943381727
943579054
944387144
951448787
951501221
951884418
951892874
953895014
955485690
956278824
956318123
957323925
959385461
964709561
966676476
968637698
971651528
984957149
991065245
996843761
999958153
1006172394
1011218074
1013517128
1016026200
1020358257
1029804269
1039738124
1046145953
1061833890
1062786066
1065181570
1067174903
1068778270
1070392617
1073949370
1073987250
1074789027
1075226053
1076546529
1076766665
1078448090
1082960206
1083844119
1084902575
1090115402
1099488223
1105125219
1107358569
1110860214
1115098756
1130740104
1134444111
1138334412
1139487160
1140650612
1150030950
1158220511
1167355901
1168730452
1169034007
1171024780
1175248241
1176348866
1177530661
1178824037
1179778161
1180430581
1185432798
1185976089
1192764238
1193821529
1196682103
1208417989
1216544646
1216945834
1218355597
1218934081
1231472419
1234582765
1236848967
1238871651
1243571424
1249283951
1251910672
1255875110
1256323667
1260388687
1270483479
1280474039
1285333699
1286129344
1289524484
1292702303
1296029497
1296888979
1298696782
1299667176
1302769620
1303125990
1311705114
1314348685
1315182167
1317867653
1325185879
1328560899
1334021610
1334980903
1335820042
1339544483
1345001397
1348499336
1349871908
1367374766
1370987939
1372959945
1383713600
1384373784
1396876792
1405209733
1410000851
1414864222
1419831408
1433157359
1434371596
1434733595
1443726933
1446358456
1453352131
1464026598
1483613365
1483715307
1489260288
1491532686
1493673966
1502261867
1506494625
1508342662
1509305859
1521750094
1523247813
1534036364
1535885812
1537687873
1547081300
1552507883
1555007036
1560460305
1561525028
1562988251
1570834733
1581045182
1583660363
1587357275
1593201177
1598643032
1614062356
1617325844
1624027035
1665267754
1686094482
1691483575
1718654826
1725765180
1727620252
1744842505
1753573086
1761318901
1762275800
1766220366
1767710943
1768490537
1777887210
1782166144
1795214064
1800114823
1803788448
1805037840
1809990865
1810354412
1816820103
1822270525
1822811287
1825595799
1826564371
1831648725
1839118907
1843112289
1850724883
1852107511
1858689530
1863727209
1865046137
1867998680
1873511387
1877228570
1881156674
1881516207
1898479276
1901933124
1915709559
1918710310
1928268037
1928625819
1936095032
1946750630
1949249694
1955855012
1963504309
1966417601
1968095281
1975618237
1978370224
1981588528
1982822193
1983547287
1985077733
1986055499
1989323537
1995597258
1995747908
1998646827
2004722727
2005269551
2008064674
2014053667
2017723133
2030994558
2041197900
2042018953
2042949452
2043191343
2054925882
2055741647
2070063004
2073016688
2076601907
2083339259
2085476942
2090189766
2094395311
2094618105
2099195566
2104162171
2115591831
2115610848
2116432993
2119555942
2122456410
2124777420
2131931578
2132739310
2139518571
