-2061092398
-2057290041
-1956296921
-1944383342
-1862333528
-1827183260
-1784492481
-1741767884
-1719028529
-1718520016
-1653915444
-1520101323
-1478686401
-1465137468
-1443077448
-1337759160
-1293554895
-1285135212
-1279284865
-1274642974
-1237702066
-1219655541
-1216131879
-1214009452
-1157272328
-1147132200
-1123227030
-1077471305
-1014287412
-950746249
-929663708
-926643798
-856258184
-829189654
-752959291
-742973943
-719440447
-678097881
-671090926
-616053959
-612268638
-405894849
-315724649
-248076569
-231254262
-121325968
-101730507
-82995049
-69011806
-52820231
-15571632
1564403
29017399
42975164
63445521
197965342
235576413
242308240
246750439
367343285
430997037
477682096
498875974
504000151
519339407
557436232
561304134
578440606
597704982
694596322
725118909
834578436
919613227
943806412
1010611793
1025040771
1049783325
1069646600
1146303960
1163761028
1195779039
1211556534
1275315117
1340788574
1511030622
1567130216
1567847174
1597398909
1639836123
1668929941
1674961538
1684897597
1714089848
1742006761
1759235173
1762724567
1885527006
1904905781
2037650564
2070588173
