-2141826007
-2131844103
-2130808662
-2129492953
-2126508672
-2110276202
-2108070386
-2105952805
-2094826032
-2093593147
-2084295888
-2082204370
-2079277093
-2079010554
-2074248972
-2074164589
-2059368424
-2057013411
-2054948574
-2054070573
-2053126832
-2051679558
-2049671249
-2047391824
-2045678235
-2043025316
-2039058630
-2032338273
-2030109198
-2023879014
-2014260294
-2011378315
-2010311821
-1999316482
-1997260925
-1993527466
-1993235911
-1992450493
-1982039098
-1980185731
-1977731810
-1976498063
-1976156888
-1974392647
-1969110119
-1966696511
-1955668696
-1952815203
-1951533574
-1949739663
-1945074488
-1943991247
-1922702157
-1922425183
-1919505844
-1918972535
-1910655145
-1907788622
-1906162797
-1905188819
-1877145135
-1870391380
-1865445423
-1864162712
-1841947600
-1838298182
-1837631847
-1834041308
-1832775744
-1830603217
-1823795209
-1822566048
-1820587931
-1816742571
-1814380318
-1810810986
-1801975186
-1791554578
-1788668868
-1785375055
-1780679470
-1775250518
-1767740726
-1766953982
-1764828751
-1764170298
-1759960695
-1759026313
-1755495983
-1754894172
-1752741576
-1752720103
-1746642451
-1743275866
-1739451760
-1738489438
-1737508725
-1732914738
-1731587299
-1728135088
-1719142694
-1717957469
-1717825364
-1715755864
-1715683682
-1701987735
-1696514647
-1694260575
-1690205897
-1687770159
-1681918812
-1678267980
-1677727312
-1677424197
-1673444496
-1667857880
-1665815475
-1641753756
-1640858239
-1640846211
-1630545034
-1622494067
-1619032717
-1616048999
-1612777862
-1600536847
-1600527498
-1587595908
-1572035017
-1567188348
-1560597548
-1556018578
-1555447124
-1549100031
-1547921960
-1543453812
-1539773143
-1533998286
-1533655093
-1529356740
-1520099638
-1495831048
-1493452359
-1491305156
-1490379857
-1487060220
-1481588509
-1478793831
-1477221331
-1476149076
-1472147490
-1470460231
-1470219406
-1466762807
-1445581902
-1444678824
-1441285505
-1440402883
-1438731091
-1438700454
-1434606166
-1433706324
-1428891447
-1427688038
-1427667847
-1422241109
-1420815286
-1411775771
-1408457387
-1407347609
-1406832431
-1394157388
-1388322181
-1380982867
-1380054512
-1379733439
-1379471341
-1371168745
-1367763603
-1366695822
-1357432128
-1356250536
-1354328264
-1353196630
-1351528617
-1351104210
-1350874836
-1349375825
-1343767845
-1340590146
-1336045693
-1330081423
-1328262293
-1322981545
-1322312334
-1313650305
-1310858109
-1308151492
-1306809414
-1300385491
-1287967661
-1284787851
-1280132522
-1278559998
-1270494360
-1263053646
-1257928710
-1254754697
-1239446945
-1236985746
-1226727854
-1223210509
-1220154950
-1219823624
-1203438560
-1202970694
-1200636425
-1199548273
-1198631043
-1194811580
-1189876165
-1188299003
-1187312058
-1185868642
-1181967032
-1169152644
-1160341492
-1158149495
-1154206676
-1149894786
-1149574536
-1147506704
-1147311137
-1143168648
-1141701458
-1137949067
-1135659861
-1131498973
-1130871755
-1130784836
-1127486317
-1121940148
-1113709808
-1112589940
-1112050961
-1107712715
-1101458716
-1101395766
-1094855303
-1091684500
-1090849094
-1086744376
-1086351688
-1081266589
-1080695361
-1074109635
-1072641913
-1067470955
-1066308557
-1065529627
-1064469557
-1058726158
-1058112359
-1054175934
-1054105834
-1050532605
-1045316332
-1043825489
-1041412944
-1037923281
-1036473003
-1030186837
-1028891505
-1028880273
-1027583156
-1025733779
-1021370745
-1020082211
-1018184565
-1014651997
-1009383126
-1001236073
-996146023
-995559462
-992949581
-979267988
-976249819
-954770393
-954491289
-950388141
-948227139
-944682509
-938032018
-935263549
-929492984
-928392640
-924729540
-923806075
-920195824
-899030222
-898225522
-873216470
-872915469
-870419414
-867497689
-866822535
-857049082
-852793138
-852620909
-848184880
-847637758
-842955887
-822685032
-813520353
-812701696
-806576432
-805015618
-800994566
-797197674
-792332373
-790810724
-789033200
-787365257
-786010983
-784707731
-781998452
-781341675
-776846180
-772252100
-770932864
-768709495
-757916108
-757380491
-757125132
-755449992
-754294044
-751701487
-750500294
-749677567
-746099627
-745319801
-745089448
-742378548
-741997833
-737365642
-736424530
-733022631
-729958194
-725049405
-718200342
-713855355
-713687141
-704972409
-704376657
-701458565
-698488235
-698407530
-697752044
-695286907
-687949090
-679776153
-679116056
-675817825
-675742728
-674028742
-664696107
-663565201
-661635577
-659162195
-650847569
-643802219
-643139563
-639233455
-633902808
-633042789
-619665452
-612652077
-611513918
-609877558
-592510956
-590790051
-575737796
-575242848
-574194440
-572461401
-565946019
-562423996
-558980844
-550508396
-546799201
-543146676
-538213454
-538050470
-537726666
-537263735
-533771110
-533531285
-530773932
-529523868
-528474650
-526789706
-513512521
-497897301
-492271925
-490365311
-490248290
-483880826
-477327153
-463610851
-449085237
-444377225
-444338514
-440595622
-439411642
-437347526
-431960558
-428777845
-425817535
-418966534
-417830437
-408600372
-396501344
-395200925
-394089305
-393572012
-386051917
-382295294
-381138131
-370907968
-369582718
-362168930
-361114128
-359891318
-357302238
-351104956
-350360281
-343778580
-339067734
-338260143
-337387588
-331632999
-331512522
-327909766
-313349200
-309846204
-308339136
-305683197
-290873690
-276848513
-275397954
-273680371
-259662685
-253108841
-244546896
-238618166
-235104125
-226749303
-223697265
-221853309
-216814486
-210858222
-206825636
-202476430
-201595396
-198671287
-193253028
-191216918
-187330839
-182257803
-174363861
-169220440
-168576675
-168428763
-165588207
-165280458
-164722327
-163422011
-163115256
-160219834
-155408121
-153740807
-141166425
-136943613
-126544391
-117021911
-112411677
-105306339
-100544007
-98971768
-82148075
-79123673
-79029086
-74482657
-73506897
-70881396
-64909582
-64600166
-64464863
-61886731
-58713533
-54853904
-50807283
-50771403
-38467669
-29382352
-27430247
-26877853
-21312254
-9949351
-7886076
-4195976
7419375
12430846
14080666
26975060
33115689
33212042
36763408
38712169
51757487
53023621
61184386
72369409
86270581
86510376
99259006
99371010
101677789
106710880
109241582
111253500
112643906
133846989
135367665
136020022
137987990
145718931
146395352
147011499
147169506
151558232
154332528
161803394
163812180
166042550
166668163
167428449
179244297
187519235
187559832
190210346
192553408
200999180
203294747
204487366
205735861
205904311
206286251
206948637
210128213
217465378
221631953
238462644
242561981
243613996
244932892
244960973
245986658
249955348
258243865
261304106
264652831
264720834
276059533
288156693
296582945
299023386
300310689
300332952
301065506
307584275
307810695
314664152
320293743
323722757
323764302
323876496
331328636
337733161
340866494
341125353
344181260
348460590
349141981
349525502
351485159
353327996
356577067
366218613
369339850
372198123
387853075
388684387
389868248
390986581
399277418
401620622
405605180
407636072
418802454
432610150
433311436
440271669
440280120
444322554
453866736
458359806
460520692
464190305
466706686
471773546
474277956
480084421
485956715
490443183
492477280
494680528
497218139
504113503
510286675
510884485
513273916
513538922
518830542
525171114
530011193
539815059
541073166
546168620
547753918
569304673
574004530
575880562
578902294
579031496
580446304
584625597
592462282
594223150
596050041
605555750
606583301
612802010
622046025
622466190
623474842
629913247
631134295
636542168
648144191
649489157
650617918
651900375
662730520
662734101
667284463
671499536
675242513
681138163
682231493
686379935
689805247
692252565
695075653
710099754
717667944
724037817
729865813
734043026
735123156
738105525
741691171
744644925
745858785
749619119
750085443
750114954
751172976
753188271
757865377
759108453
769564189
772244368
776100399
777272249
782167754
789895795
795188670
821242948
823065868
827030981
833341697
838151616
844868627
845942671
853168631
861859834
868279751
871830470
874505210
875031591
877570312
879152912
883900169
894128423
901953782
915644772
916061880
918149150
924395375
925443458
929403457
934817819
939126302
940472697
940727285
943673070
948475650
949760790
964492668
968924640
970610511
970949737
976857043
983314795
984527281
991465919
996362383
1009707596
1024935502
1026317311
1029272690
1035566296
1044761975
1046302806
1049310224
1052823254
1053328060
1057527253
1059847202
1064197326
1064610917
1070486368
1076862302
1080320531
1090102805
1091753257
1092462262
1103741897
1111001929
1118405302
1121334373
1123979106
1124903184
1129446003
1129516540
1132615182
1140353306
1142391097
1143978700
1146266082
1151138351
1155755233
1157154888
1161568418
1162048469
1165718032
1167421350
1177781678
1183500166
1191102248
1202158885
1205931189
1218489873
1220238043
1220427329
1222049162
1222822721
1224927906
1225270818
1229038191
1229388523
1229842042
1231656379
1235510163
1236834228
1238281606
1242324315
1245569295
1247625863
1249197167
1250378133
1251078028
1258566115
1260482953
1260920303
1261465612
1283478693
1294342852
1306607504
1306760047
1309999743
1310197444
1313831309
1314756419
1315742943
1320915533
1325081663
1343288252
1344796238
1345931748
1350628279
1356864185
1359924071
1363943518
1365042508
1366067995
1366770386
1366890352
1368336522
1369169194
1373685086
1380007802
1387487843
1390437573
1398468577
1401036492
1402894283
1405898814
1409365596
1411254365
1425079588
1438660528
1441995730
1442228505
1443587999
1449396050
1460962267
1469780661
1473641945
1474488165
1479407815
1493834374
1502416730
1503507081
1508224808
1508576004
1516690605
1517427488
1519662421
1535255789
1544222396
1544728194
1546759899
1551361061
1556274172
1563992674
1568100802
1568468035
1571585578
1573207408
1575999669
1579485565
1579974581
1580817579
1584837040
1589339340
1592836875
1593208324
1593478581
1600112827
1613401241
1618259463
1618602301
1626019325
1629308854
1631448139
1633107846
1636798047
1642906185
1651897253
1654508806
1655442624
1661706097
1661786390
1669893697
1690416947
1697275020
1699221794
1702965833
1704554639
1705371412
1709975585
1722445725
1722464709
1729049053
1736610205
1748158524
1748295216
1748965430
1755778332
1756576330
1760278246
1771143406
1775733563
1775984758
1776034130
1780349158
1782727817
1783039389
1786686022
1789044345
1789294060
1794677674
1795757727
1801905108
1807882671
1811621209
1812021515
1815013723
1816140135
1818105384
1820808154
1825352883
1832766890
1836522262
1846114115
1852789540
1861716267
1867456374
1869389601
1870317719
1876723388
1880125040
1883749075
1885359206
1889306281
1893583618
1902410799
1904175420
1905960492
1937201505
1940201853
1940771069
1952350943
1953905627
1961308988
1967071406
1970808184
1971388316
1973880363
1977912932
1979056332
1989335640
1990757225
1995908368
2002038474
2002582190
2003798679
2004696092
2007644844
2017971953
2019862254
2024841506
2027240118
2032383057
2040429288
2042856622
2046611975
2056165182
2057233054
2059700149
2064498860
2074268660
2075028879
2085210874
2088122845
2094826199
2102154733
2102207308
2106433934
2108286001
2112569012
2113206497
2115953152
2121736783
2129250847
2133357003
2135048802
2137217220
