-2101208593
-2070813731
-2019317977
-1999176917
-1916006329
-1857089546
-1849210076
-1723818407
-1718220308
-1691040611
-1669460226
-1652216904
-1628392015
-1574108752
-1538339368
-1523620482
-1414497266
-1297176236
-1290504248
-1267017568
-1233997513
-1181236493
-1146372179
-1122431705
-1122086298
-1101902320
-1063167296
-1041493070
-988309164
-923654357
-850779913
-689713191
-617881836
-609140361
-607314199
-586989188
-486649447
-445418256
-412435988
-382123151
-336536727
-248727672
-229539856
-207773430
-103390214
-66087227
-41391180
162154549
165626129
244824307
248762205
269354560
271546928
313881728
322175732
376579189
509295092
680615403
709434563
722341700
776177429
778748127
795999684
798025899
834484970
883802874
921920282
958741762
1028358356
1186496767
1217949514
1219248038
1253843768
1316787674
1326363820
1371892754
1383256722
1407755198
1435344635
1487573754
1522847327
1632324993
1638704037
1644837135
1648477859
1658694317
1724465136
1746863979
1794091753
1804591421
1833363715
1858176299
1864064859
1894540680
1932936586
1933274211
1941289977
2001453555
2019679488
2106544839
