-2145282902
-2127494728
-2111905724
-2111265709
-2110664718
-2108724122
-2102486462
-2090477920
-2083923215
-2082386608
-2079316668
-2071111173
-2069700954
-2062192637
-2059825237
-2047571496
-2046631143
-2041251252
-2039722303
-2038872299
-2034145438
-2033567457
-2024258617
-2015161737
-2006699659
-2005611854
-1997599968
-1995800242
-1992061833
-1982065844
-1980571764
-1979990383
-1976219846
-1975299765
-1973516759
-1959751053
-1957679738
-1955631930
-1953114723
-1948147151
-1946672109
-1945545817
-1941978627
-1939219348
-1937610638
-1937482757
-1930933471
-1928274081
-1924024642
-1921950580
-1918776359
-1915288052
-1914576722
-1911284499
-1907253159
-1901933848
-1900202733
-1897552415
-1895099323
-1888213511
-1882113273
-1881599876
-1880240491
-1876710702
-1871890251
-1864744214
-1856386849
-1847178648
-1846389039
-1844403232
-1843270266
-1840939955
-1836342640
-1829308734
-1822251113
-1821721493
-1820984962
-1818646968
-1812486789
-1812206720
-1808633541
-1807498936
-1796940774
-1796160866
-1789016084
-1785290166
-1761827477
-1759171830
-1754818211
-1752811428
-1748664176
-1744953135
-1744079483
-1741481656
-1740758129
-1736698351
-1736410249
-1732537085
-1732070199
-1728979921
-1726749692
-1722001562
-1721250624
-1707683878
-1706747981
-1706588465
-1706433856
-1700147374
-1693839784
-1691918025
-1686001143
-1683131972
-1679294058
-1673675559
-1673452130
-1666424922
-1665785195
-1664933207
-1664231258
-1659622449
-1657743300
-1637455405
-1630784943
-1627250930
-1619936458
-1617889821
-1603183409
-1599502928
-1595618769
-1594058843
-1593404308
-1590571466
-1589035739
-1587039517
-1585046136
-1575601026
-1570863603
-1565435720
-1559466049
-1559195763
-1554359771
-1553336613
-1546727502
-1545037963
-1539700288
-1534189801
-1534111364
-1529770121
-1522519821
-1518520330
-1515628617
-1514951330
-1509481560
-1500637030
-1491417572
-1490751159
-1490258494
-1487319332
-1484508762
-1475358381
-1470235615
-1469805017
-1469029907
-1461277434
-1456939578
-1447441798
-1444711310
-1442667175
-1441100273
-1437551534
-1435174263
-1433247708
-1431946160
-1429210679
-1421824778
-1418636391
-1408317312
-1401229676
-1401181389
-1397355146
-1389387690
-1385981771
-1383409391
-1371890586
-1368792759
-1360641431
-1359882859
-1354251045
-1352611858
-1349606374
-1349261973
-1345239642
-1342132896
-1342025003
-1336702143
-1331347421
-1329989245
-1323279965
-1316265595
-1311246579
-1309903202
-1303841832
-1299837425
-1297876769
-1295987476
-1293857085
-1286764257
-1285155200
-1283388916
-1281477264
-1266530921
-1265218304
-1261973087
-1258732811
-1258553014
-1257096220
-1253837849
-1248713188
-1248608382
-1247605598
-1240709451
-1235195540
-1233759491
-1227973954
-1227078237
-1220375686
-1219619507
-1215413220
-1211495517
-1209730648
-1209620356
-1206744460
-1200914448
-1198380727
-1198189790
-1195783230
-1192005640
-1191082278
-1188593094
-1185850222
-1185505319
-1168986534
-1166135880
-1163536576
-1158035993
-1149924898
-1146859549
-1126239101
-1123111153
-1108432241
-1107620918
-1106973776
-1105057961
-1098601232
-1097925546
-1090042550
-1089064245
-1084724312
-1075823447
-1074479606
-1055675238
-1046368448
-1041545401
-1037256349
-1030150674
-1029632493
-1019310612
-1015370020
-1008222157
-1005575508
-1003896878
-1000706340
-999569917
-997385561
-996892577
-991707230
-990367911
-986666405
-981432599
-978079914
-976877650
-975878142
-971050354
-969613631
-967673935
-960180858
-959065075
-958899757
-954856659
-948158251
-943919013
-943913306
-939806200
-936285831
-928597693
-924797124
-921988889
-921395736
-915745997
-909060857
-897663105
-897423520
-895868104
-895780619
-884982858
-881137591
-878971545
-869208443
-860134878
-857607310
-855430726
-853957056
-853662073
-847499313
-847134158
-846889166
-845211763
-843950243
-842573375
-838223475
-834079894
-833731706
-828700734
-828483001
-828051866
-826488894
-823551316
-811670566
-811560578
-811223022
-806622611
-804154403
-800308151
-799392273
-798208881
-797551857
-796781905
-795484800
-793282668
-792946855
-791050306
-790807865
-789395292
-783375627
-763139506
-759560246
-756335623
-747928534
-745835179
-728033238
-726356941
-724121999
-719978707
-710502586
-706158126
-696706706
-693737294
-693204871
-688490633
-685785977
-684199713
-669530567
-667627858
-666103581
-665496024
-653409583
-648419743
-645612029
-645556730
-642419248
-630568641
-627233717
-623197718
-621672667
-618317270
-614827616
-612565795
-610928291
-610131419
-606219412
-606042721
-602935680
-600186830
-595241147
-585966829
-577287988
-575416099
-573062331
-571824424
-567287545
-565377996
-564804878
-564758936
-556267845
-553299041
-551754176
-550107662
-549128859
-548059848
-547616623
-543061683
-541081953
-527381230
-526203040
-524941605
-510356960
-501379707
-498526187
-490816127
-483619693
-483395690
-474122895
-473975915
-471500650
-469463313
-461679765
-460782717
-458283905
-454723788
-447286682
-440398307
-438269702
-436701941
-435758318
-432980016
-428488721
-420379486
-404213184
-404202956
-404109644
-390382423
-379865439
-379809415
-369794427
-366322644
-364456157
-360063851
-355675032
-353184443
-351683247
-350064503
-333197112
-328333568
-328104170
-324055786
-321948077
-320124024
-318666002
-317637419
-313569460
-308010715
-300486351
-298509136
-292494174
-290871393
-279148421
-268846479
-268812064
-266490174
-266295320
-262649463
-260097652
-250473979
-247564112
-246616719
-239990192
-232734628
-232638215
-231774821
-231617751
-223986856
-212905313
-207146579
-204082150
-203669210
-192450090
-191389611
-186488394
-183266842
-170427126
-169971559
-169757915
-165320439
-162293436
-161878648
-154525412
-153823858
-129073052
-128098982
-116362565
-108186102
-105920743
-100854115
-93964700
-77536046
-77492497
-73764691
-69999508
-69900510
-66008980
-58151942
-56501719
-55934677
-54226210
-52490253
-48800908
-39348593
-19391591
-18848204
-10931363
-9443984
-4465512
-3412111
-475625
4705645
9246061
14198544
14940236
18566293
19315599
35313376
46922927
49178307
53269887
59387862
63410711
65198328
71119658
71644924
72167204
80358247
83158510
92029593
105465721
110952326
113172304
116878895
124194440
127341075
136118658
139630706
145465003
145723322
148806002
152804297
157175812
163384520
180788396
188229618
188453241
197205398
198761488
200436897
202595209
204805238
208873935
210738415
211961439
213239880
214213416
214668497
218489544
223882696
226312675
231807891
237617733
248554649
254980041
256498194
256830630
270656392
274243429
280400966
287410160
297038247
299373294
307779989
308135323
309054588
309565585
311192692
312072373
314077688
325042524
330659311
341678985
353686070
361196141
364868871
366151339
367996984
374691254
377236781
383082627
383424878
383988144
389906675
393063388
393502874
393592862
399134850
403486246
405817814
420197827
423575833
424311648
429050904
434889950
443069483
456100306
459336261
461759804
464396240
469250111
475293565
478836024
487760843
493136308
493348886
493578579
495697463
499634612
501453612
502896482
503622491
513896999
530354185
532068381
541349323
542717087
561297223
588728676
592171653
599763045
602745763
610676367
614989781
618600818
619019216
621252057
623655533
623713547
632289721
635449323
637584057
639215092
641874677
657178022
663100735
675929007
682146367
683858186
692759392
692990900
695981687
697200424
701338383
709011277
710631763
712341946
713647145
734564054
736104385
740104553
744826315
746222035
754142433
756589596
760572925
761534630
769204243
781643586
783624933
794586381
803695785
805781606
807282003
807626142
809334183
813213982
814880816
819114573
819575402
823144252
826815250
826818293
827156931
831060852
831866266
839517169
840187110
841736247
841752634
846813614
848906421
854260474
855742946
864131553
865493149
870096204
874187576
876407302
879777465
881347640
882634313
884328869
892831048
904616025
908769862
928198168
935657082
938291001
944291242
946624518
951697178
957213777
969867491
977501016
990101063
994805068
1000554368
1000956342
1004399843
1004868950
1017820777
1019875114
1022656147
1023255529
1031475812
1033605701
1033836764
1036181506
1037492761
1041248544
1042760153
1044425781
1047108132
1051756006
1059573175
1061711855
1078077909
1080593967
1081439777
1089083370
1089260203
1092056399
1092720781
1096285873
1099443099
1106742001
1107058284
1107949255
1115350326
1122067474
1123756090
1139652467
1139864653
1146212303
1147992187
1149706833
1157082409
1158765986
1165015425
1182536674
1184858910
1189866426
1196412702
1201105273
1205274913
1207769232
1210059858
1214003293
1224728833
1225202172
1229931350
1230217159
1230249593
1235090041
1236028246
1236135203
1239558802
1239878917
1243755166
1244913280
1253694825
1257316556
1258091677
1260023328
1264622502
1265127377
1270801461
1273590309
1283079331
1284660536
1285701065
1285943484
1298083247
1299089295
1303392140
1305963028
1307172188
1307232077
1308150792
1315023273
1316280032
1317369571
1328159047
1332293492
1335792681
1340981924
1344083817
1348000094
1350229232
1353529984
1353597280
1354313427
1363409627
1364095569
1366269287
1380789094
1386704517
1394983722
1414899596
1425350400
1431454407
1435911310
1437460658
1440465867
1443495243
1443578020
1455509629
1463711706
1466383825
1467178708
1471907821
1474783858
1475043304
1481960170
1483279916
1495331476
1509584049
1519325256
1522274328
1528219666
1531711623
1534817303
1537767723
1547718123
1551062612
1551151410
1553389620
1556128397
1560629166
1561870917
1565240540
1568370013
1575764364
1582674504
1601969992
1603363537
1603547653
1608066905
1614967574
1619039893
1619801311
1621303495
1625504669
1628917812
1635342067
1640237995
1657290482
1663662975
1663720787
1664189281
1671336465
1672664022
1672803419
1680630159
1683607648
1687412202
1687466434
1690159551
1691226164
1692037925
1702821986
1711973726
1712104709
1712118885
1715026351
1716262775
1717396609
1717748540
1720440317
1727473475
1731168125
1735462057
1739370336
1748383827
1748721259
1753802236
1753928065
1757189595
1759502320
1760375204
1764927758
1768672452
1783854118
1787207403
1788904828
1790886940
1791089158
1792452245
1813152363
1815877513
1825579426
1828492329
1830769205
1833319381
1849169997
1852424146
1867110307
1877305934
1877641472
1890926201
1891797036
1892653342
1894107785
1900787705
1900979621
1907270730
1910901549
1911263028
1917239613
1926003085
1929561455
1931336142
1932600101
1933788484
1934230372
1937775790
1940168156
1941621499
1964540524
1967406569
1989005796
1994149041
1994915396
1995670300
1996598419
1998301731
1999430397
1999827831
2000986698
2001512879
2002768110
2003630925
2006521048
2006548044
2006680283
2009854525
2010533568
2010835091
2017604207
2017764078
2018071618
2020007258
2021568727
2026341180
2030867077
2034469680
2042133097
2046065567
2053561252
2055262673
2058924272
2064124102
2069195618
2071162755
2074412366
2075478005
2079211093
2080811823
2086404321
2086537367
2086939149
2090066876
2091269935
2096319880
2098176863
2098336746
2099294736
2099932712
2102178885
2103981422
2108706181
2117210600
2129216185
2132634977
2140896818
2142765645
