699642648
-1881893722
604808782
1176780818
696052887
-1595678002
-808047339
-1787225643
2029472941
-593610219
-1803516217
1399332221
1904556492
-1219122228
-2119064446
143857967
885471668
1835841522
1624994252
-639373362
-1381519812
-39992158
837544186
1443307406
-1965090222
-1057089332
-943748650
2146409926
-1341574336
1630096935
1173493372
-996402167
488849968
1381854822
1694743172
-1388115338
1389402610
-1893781591
948371557
2072767311
-1135991557
1350632502
258881816
-120468536
-492154960
144634216
517290491
886306337
-526986523
1468817895
1443796216
-1460195082
1029579423
-586127591
-1115050266
-1265950763
-1950972639
778051031
2073647150
28088593
-1364650458
1305356899
1350093745
-2104032043
-820823446
1986101146
2020030441
432281979
-372422801
-38476443
898643534
-178616034
-1976736899
1319367285
1039783162
1432450157
445243881
1449225518
1108809359
355972802
349085594
652101603
824708184
1898667890
-328391736
2082974788
-1484853586
1107225702
1898416391
1641400852
-1839999076
1055857130
-1817021820
-2129896162
-213449786
-861578300
1378521485
-232186263
1431027078
-776973432
