-2146901043
-2143345356
-2088907420
-2045997890
-2004999926
-1974591224
-1920736409
-1789953159
-1765722651
-1748363605
-1706898570
-1664903299
-1529781898
-1527598417
-1502783715
-1502638301
-1456141869
-1449939403
-1354605660
-1282422811
-1270897160
-1214366314
-1183510560
-1178474824
-1135023538
-1097026868
-1076304679
-1061292481
-1038637823
-784103338
-761158957
-714008070
-708756168
-677418156
-657470555
-627067390
-603431678
-576612369
-540410774
-464625550
-464450069
-447165731
-388696518
-385958674
-336990662
-205630724
-188313129
-186000574
-135647516
-125800846
-54987373
-54848718
-4676216
95925903
277670676
301308689
318663580
387207250
434266666
444383562
448166348
522374665
547634482
549438423
584199682
738709621
795812947
799201342
940524629
965655963
1012580698
1058870765
1104369405
1110177190
1188072340
1250761078
1387222615
1397216046
1421993273
1447495111
1471677117
1500851542
1526023052
1561687850
1589407912
1594104108
1632062759
1644991404
1711916626
1727073938
1752302712
1757789271
1790068024
1854144340
1898633762
1904910754
1967295959
2039884242
2103993930
2107672698
