2070588173
2037650564
1904905781
1885527006
1762724567
1759235173
1742006761
1714089848
1684897597
1674961538
1668929941
1639836123
1597398909
1567847174
1567130216
1511030622
1340788574
1275315117
1211556534
1195779039
1163761028
1146303960
1069646600
1049783325
1025040771
1010611793
943806412
919613227
834578436
725118909
694596322
597704982
578440606
561304134
557436232
519339407
504000151
498875974
477682096
430997037
367343285
246750439
242308240
235576413
197965342
63445521
42975164
29017399
1564403
-15571632
-52820231
-69011806
-82995049
-101730507
-121325968
-231254262
-248076569
-315724649
-405894849
-612268638
-616053959
-671090926
-678097881
-719440447
-742973943
-752959291
-829189654
-856258184
-926643798
-929663708
-950746249
-1014287412
-1077471305
-1123227030
-1147132200
-1157272328
-1214009452
-1216131879
-1219655541
-1237702066
-1274642974
-1279284865
-1285135212
-1293554895
-1337759160
-1443077448
-1465137468
-1478686401
-1520101323
-1653915444
-1718520016
-1719028529
-1741767884
-1784492481
-1827183260
-1862333528
-1944383342
-1956296921
-2057290041
-2061092398
