-2103271590
-2040082732
-2039844841
-2020339612
-2011343295
-2004013947
-1969611564
-1959833953
-1915327951
-1898987500
-1868511598
-1811182575
-1786707814
-1690322369
-1670430485
-1653582097
-1642876656
-1637159627
-1633250170
-1632340992
-1554060091
-1424464216
-1310505429
-1296249987
-1260711328
-1221556617
-1210493008
-1167971111
-1132159394
-1108188459
-1026302078
-998779089
-986500477
-909509792
-908944651
-902049670
-894055213
-768883940
-750069361
-733145907
-716195221
-681302324
-551549866
-551034232
-465984556
-453953901
-440900124
-439083675
-384737911
-354171759
-277518452
-258087279
-138101022
-134918899
-90557766
-75113781
-30131336
26031008
104186083
183415125
209507926
217456390
346227577
370683850
395476041
437696817
444416963
499170525
648822403
692910083
695071580
729763855
825100819
837816731
925115455
1003956142
1015936350
1102737796
1105444114
1173165298
1370885440
1390918644
1431994599
1543351203
1722429610
1765190767
1811059151
1834085538
1946783870
1954771361
1956461039
1967904744
2010220154
2020090394
2055013957
2059637116
2104171379
2117610528
2141115247
2144807498
