-625692565
-1482025798
739761775
457404001
-1795764929
1007292889
-1894343304
1134772283
809157017
-463349900
-1740990979
1105317196
1911060092
-1987575447
1311635554
-353416251
616510360
-1075823503
-272923598
-1661451614
-238520885
-1926548400
-1387680701
1685865723
549661161
-777342648
-1633593064
549752473
1606504384
-1503291186
-1133253242
-1454418485
1691240790
-1495349888
908751257
-1178737030
-1659610508
978119253
1623328695
-333391237
-10740633
1720775957
1092096006
1532953380
1411967493
420193292
-1924489717
-1909925855
-127825938
-1505082630
66593939
-5013624
-391869165
1150141261
1601403862
1267974953
660361084
-1515281519
-1800428072
-1899854037
-1231136443
1980979751
-1141312238
-1369860652
354331113
1066809140
449280338
-1372531545
-1556133950
194179548
-1806641442
863057587
2127095248
-1641851728
-130159649
1790181417
962699705
2031467876
-1907693571
1402613552
-1952244208
647979973
283032134
-2043601419
-1929282343
-176710679
1645279571
-835276283
-1949761972
556304295
1684253101
-157242146
-393197607
-583734455
-454523284
703590850
567908204
1467619712
-1243631583
-888023858
