2106544839
2019679488
2001453555
1941289977
1933274211
1932936586
1894540680
1864064859
1858176299
1833363715
1804591421
1794091753
1746863979
1724465136
1658694317
1648477859
1644837135
1638704037
1632324993
1522847327
1487573754
1435344635
1407755198
1383256722
1371892754
1326363820
1316787674
1253843768
1219248038
1217949514
1186496767
1028358356
958741762
921920282
883802874
834484970
798025899
795999684
778748127
776177429
722341700
709434563
680615403
509295092
376579189
322175732
313881728
271546928
269354560
248762205
244824307
165626129
162154549
-41391180
-66087227
-103390214
-207773430
-229539856
-248727672
-336536727
-382123151
-412435988
-445418256
-486649447
-586989188
-607314199
-609140361
-617881836
-689713191
-850779913
-923654357
-988309164
-1041493070
-1063167296
-1101902320
-1122086298
-1122431705
-1146372179
-1181236493
-1233997513
-1267017568
-1290504248
-1297176236
-1414497266
-1523620482
-1538339368
-1574108752
-1628392015
-1652216904
-1669460226
-1691040611
-1718220308
-1723818407
-1849210076
-1857089546
-1916006329
-1999176917
-2019317977
-2070813731
-2101208593
