-283369476
1617684965
-806140208
229534677
1956600198
-227933142
-65365592
1127912771
2028613772
268300041
-254022554
-658044044
618091292
359360437
-1453932913
-1086068624
-1567964613
1415638753
1569923159
-2067370512
-209017628
-1982908045
1013868356
-405977293
2137245520
-1359316873
-477361903
-811166702
327174776
256093269
1388232916
-591195822
305874904
-380143802
956064354
-727518663
514092404
-1689050364
1563492338
-490848413
-938289633
-179843648
-1553185280
-74199339
886481402
-2020674983
19804531
-299423406
-229829829
-907886646
944145409
-1142492947
1251160879
-1335888925
-1458791726
1551539423
2035237761
-2084688581
552307555
-342909286
29982652
-1519982492
-2087146835
2141930525
890303245
-840786848
973660805
1132981130
-1619958195
2140580436
-996443835
1691966453
-716461505
4592763
-600363092
-1665312898
-1330527723
-1938673571
-1837049598
1826273953
121418297
1876412479
-1709125249
696433868
-1163266231
-1055367203
-1350633747
-498260431
-1825904286
593924182
1186137996
-1730048291
-533688416
-754471065
-1763603659
-1238566135
-2145212443
2146186715
-1541690687
-1570477904
-1055332646
-406611646
2035980715
-248896927
-392580045
-2046325536
-1298827789
-231412907
-154015946
130407912
1031455301
892688580
250431357
-374382870
-1270555046
-827921293
2054149626
-463104375
1806901662
-536886127
1827414587
-1536678544
-1582859245
428537028
-260886546
194910085
-1216167564
-60367747
-304172889
-1585015713
-128449891
-2132668781
1323210209
1474274038
-1447978711
906403343
1052720962
-884411239
-2077701795
-875764667
-1838298845
1163127588
-910483900
1869354019
613695311
248598129
14083098
835727053
1073723401
-650091250
-2033556243
1889676648
354327379
-464886736
953666433
-1815579595
1065720429
-210736408
183095412
1628627682
-498197604
-2017362796
-1811704414
1059526172
906567212
886124183
357061578
1693888104
623762102
1451162956
-551698831
-1655525325
-459562074
564755511
-222936570
-1010020057
960154103
-1276652163
1937670214
-767244609
977308224
-921219946
-1380208927
1922230813
89540084
1882306624
-866206627
-692140774
-1222341403
113059766
-1712693446
-1178575713
-2084127990
-361486559
92828503
196103218
2008297089
1724471118
1884113300
-198310189
-151496234
249580706
-1251095113
-1649880823
-1100794235
-809440950
1293395603
292931639
-51389507
-517364042
317240422
1349421875
456605030
1488486983
16093571
-1686546408
1067538277
2053734726
1562704176
1947513691
1617381662
501547032
1386232017
2081287196
1419584826
1090994351
175574853
-701820482
1805810090
2024664132
-6840689
-1526321479
2059719658
-1469088702
1495356345
2061556910
1808778634
-1146372475
-2061244172
169117115
1224355049
-173807421
2068440580
-885725424
-1286027709
1983639370
-50314534
289384642
217729262
1559106283
-1113386878
-1366483233
1464964320
1318378038
-1554953153
-1142716479
-1915308940
1279191526
-1232584461
-1219535961
-737167763
-1266454369
-305587516
1333297537
566142010
-586868266
-1047424772
592805130
-1342039941
171752463
1981467185
849013276
-1962264124
931411534
-908075355
-229189313
-1646518880
1676488903
1545575663
135061890
-591800361
687256791
-1415351078
-1113523314
-278545933
-1443901385
776973452
-827557385
-1160018175
1292154734
1134511082
1304015573
1115856788
-1126753401
-646960581
-224907629
-1484232178
-229005564
-1716868597
600076294
843217698
900847122
-1701236911
-923031103
-1318305132
1365417469
1903414228
1304753318
2114732099
-2143971355
1895112137
-448865344
-989264536
-1015045454
-217809727
-434548400
-1992915424
1471754309
383488193
328294693
371752743
1748087279
181122994
-1882901456
1302262757
589879334
472505595
-1978910377
-1825699665
219126133
-1758615700
443058057
-602751674
1197356212
1442521437
249810194
406473634
1015784057
2010922774
972775471
1301950197
1250306510
2049042289
1734624485
609425130
248777763
427451070
-408339442
-1728492755
-1904313210
1728402406
1622290355
654394159
-1218947568
642490322
-1838837599
402093610
2069185954
1254352653
680098102
420915043
-792896815
-1695386201
-1089230469
-1472187730
777270302
-1765946020
2037690487
-141681353
407517802
-1669386762
425449154
1005514366
625057704
1860747247
1396088408
-474507869
-1592257324
324093274
1065872303
1578622691
-389977309
244282626
-1788859382
539114850
-2037476229
1015899091
-989786865
-1478496982
1811920676
1851695224
-682845801
-571035277
-856209216
438953285
4771781
1660269348
-1290836872
1373733975
1174275161
-760003687
1848758392
-405540358
981968709
-1635940441
1420191388
-992997046
630472065
-629387556
-2016226197
-2127616228
-1073044453
-876438773
-1759386045
-86993122
-782765935
2138217479
1060622806
-198062276
575308386
-1874910291
1006384084
1989084485
-1164699166
448910887
928625897
1352641230
-1252652978
-624059793
-2011264534
1464580950
-206058209
1750667026
1667777354
602228906
-205933406
1913980726
-1162305582
-1371281013
1249528776
-763407394
-1736943983
-153751923
-46219974
578968939
-276296688
-946503359
-788829264
1857442149
2144265930
-1861348970
-702849661
1784735867
1555658458
1686156667
-82162304
-1583544120
1922229494
-1141088567
1701737726
48482391
-137519973
-14087328
578577202
-1547398167
1458562441
-1110223985
1931507137
-315458059
-802414478
1379400377
1493091990
-1381434897
-839673106
-890935756
243507957
-1161132083
-649187663
-1996284300
-292823088
1698698182
-525328386
976076392
-666001575
-1597501860
1907027806
-1357384413
-191931432
1137737884
-496168307
1611103679
-1547416643
-2048417628
-1362114379
810496382
1451389689
251832934
1827765726
-1873438671
-1002965624
-1554841430
1515090339
2093587165
-733315246
744348249
858821929
-274908006
623170867
-2138374153
-1771383731
779648446
1214505816
-1969005199
-438092260
1758776635
-57287476
184577048
1421000839
1611902021
689127506
414824685
-1931973801
1407805495
-2136811916
1244531486
602500702
1067388599
555154652
1176104656
-2029631761
389873687
-1977363743
-1186617313
1576063119
1222755326
-242017436
-722415006
-626643733
1419707463
2012473309
-1614663757
1771747085
-26160600
-1942921040
1516661934
-1645906486
8493462
-144884027
-630137737
-1752448641
1781491432
2041563735
633172225
133501180
409821882
-1886883061
1724085134
479863231
677816340
777475395
-348339855
696381284
-1946822454
-284606284
-1434611429
-816697764
1121391653
-485157835
2081751892
1658863069
1370502082
65176282
-502332216
-1718958823
-1419414854
-416311743
146031556
1836281777
-1880169725
-677674453
1479360066
36928876
-1203415787
601005389
-415650782
891099427
927176144
37786472
159238586
-825840896
-1648154980
-1209326441
-1678031216
-843277849
1795806161
1214842343
526638181
2131308595
-2079339175
671987500
-296758666
-2012637275
-1703139948
-1583586798
1027797245
1359093912
-2119181701
-1688136078
672049405
-2007807879
991284487
1974532070
-204966849
-1907084425
1970293459
63385759
980922775
1223593334
-1421668864
1493024117
-837910165
526583368
1963120472
-591501505
1735747189
559734046
-492697931
-260473500
1420406471
-1007800516
1201919395
1639261618
980085007
1115028972
995498052
-266250899
317975068
-603185228
778807412
-1177958485
268445344
-1759604534
-835723476
1463846111
589718839
1605293767
237879339
-1674522702
681446568
-1605014629
-1851016238
661883673
102011497
2115789761
-385406129
1572564387
1166855528
-1298021454
-1442256130
-729770478
-1818611448
1644509342
2013181707
758666541
484848745
-231987111
519777883
-1805696812
-1592890900
-1037939565
-1621581908
-2119637932
-2066871563
168578380
2042168570
-2012634628
-1823605773
965021318
1786761508
1652857328
312642717
-493509317
-1536658481
1861265980
1915648125
-570218607
916895626
1065671724
253160369
-1985164213
-1037279693
942527194
996970480
778571139
-1249796200
-2102194425
208266699
393200278
-1655411104
1305222190
593980981
1029072222
2075961132
-458032426
539650117
-1732577626
-1217294856
-406692824
708519737
-251447846
-519094841
-796687680
-1103346499
-262856706
-45027713
226024647
-334744723
1261758945
302986513
-785405119
1997469080
785115537
-1625316900
770984611
-610927545
-265280751
1445290323
422178984
1731752573
407596105
-1824996644
1610609508
642676927
-1904452547
-1236940293
-1337201256
-85584682
1861908865
-664785489
1827755080
1504762323
1554668524
1666017820
-1162587765
-1009415086
530953612
-1569994647
-1042351967
-2122234109
-1652132135
1965523179
-1745017014
-2067274906
-1648131540
983391106
1147447381
-551834923
-27221391
-568561085
1334078326
1101042631
-1826965221
-2094073257
-783358372
-1977643182
-1370204328
-1209256158
-608111869
396536561
-2036975994
-1143735385
-590889146
1124797063
1085948900
1654021674
1809686967
-578945373
1158624140
1529905686
1155458995
-2137605371
-936522080
1190239265
-1609240400
253653345
-1508347709
-1886808915
-393794856
1222956130
449865931
1903488113
445039835
1433356017
-1105973068
1060095832
-27055872
-1210762314
-608915241
-1546370648
2072155518
243566814
-1373699494
795243367
2012964361
739292191
-1197775638
-296565255
92267182
-1763935495
161045415
1321828365
-147347485
-191030467
1181492576
1542237114
-1304495142
-1196744750
945423360
-25969948
-46815979
17610166
169084743
-1095070236
2009863742
-1839084221
1406357180
-1687699352
47645496
-2036692045
-2035026207
875585686
-648105103
2045038822
-1128979032
2013099127
480290169
-993667742
-1656165850
-1961234030
-1521526824
-568253286
232121221
-346682665
-1530574053
339638130
624419647
1333196991
-291663568
-319540478
543948425
454598576
662011379
859082650
1751630604
-493307739
-440382200
-812143611
-1931312422
-1443274738
1993265386
1381830930
416476063
-1339871500
834305860
-1543280305
1926389014
-2083700128
1560571519
-1103269609
1757065919
1121178877
-810674020
-168336689
1508537550
-1775481092
-593823934
546333548
702981222
-1238372297
1281838362
1587524407
-1395615993
1659140249
1339142234
1037412052
999920963
-998477124
1620716192
503622784
-1505414985
-4258605
26411520
-1017192039
438732089
2057399241
-1781760160
-172426141
-2011965106
1163560106
193349122
845909512
374297054
1843071042
-1624895390
1215815904
-1701139158
-1524933373
1578952257
891680499
-1781057283
693773099
2124488705
-2035979077
-1024296927
1551163173
-659240141
-1298971603
-1041028332
1815504432
1683309678
1004723194
1963044860
-2113081026
1093278306
-959932655
864153047
-1168901602
1926663724
-1507264408
1711554294
-1216592164
-1150139158
1559705340
-2143940949
-1256274073
954400402
-1692758506
-1420681663
548219252
454714879
-1994273329
119252268
-1422047581
-1109897652
-1535053867
-529612671
-1608855329
163770725
-410209170
-31201881
-795025143
1940653018
-1457222724
-2035594161
1030966232
-2030915082
943411011
-1918860383
-1703288582
1046469136
728993704
266708663
173930623
-1227155424
621574843
-1176968114
-851119497
103577237
598252983
-315732550
-815231783
1323817060
-1589114937
-165469926
-460835930
-153325468
-1083993908
-1990262067
1230810957
808704472
-1716565923
-2144675292
-1624386223
-1542347187
-588885745
1324107096
-981459160
-381848410
-1134384139
223336638
-1530246298
-949033611
-328746902
-1216635592
2038525210
-378273653
-131175411
-414809617
1791757688
853532625
