-1473612655
221264004
-672424397
1758618530
716267645
-673386927
-1049739344
-717741025
948763658
-958422194
1002065951
-1051549209
40857350
-1686185937
1349102734
-649120891
1248618967
-769916933
-1081791746
-48770007
-1414713664
1826523650
-1170665661
1516093629
1619356515
61937421
1398893103
1661489721
-448944506
465587671
643483375
-536434378
-537901543
2007892668
610650804
1230503617
1881305463
-442325328
-592270699
621260402
-1282255892
-460181134
-988570701
-451457604
-314014857
-1649870080
1201906078
-1860017019
1486000080
623392845
-2036244746
1361877752
-1754726996
-1237250255
-1449931691
-1799065446
-1423756738
-755468896
130611564
1370607771
327160577
2064470046
-224576405
-2130110610
-1556980300
1585283954
805008294
1039162779
-1366557530
1356721561
963460469
1877875667
-791422157
-846956035
136071771
-931824572
-1014628722
12764390
-124506775
-1311380177
-797579584
727908912
606490340
301516982
-1329103889
-360703170
1472718117
-21944838
523439075
-1041418194
-1688463424
-1861277851
-1202906170
2045782093
1994043624
1516853827
-1345121750
1700093389
-555351791
-572261481
1653210448
1645965493
-429336361
895956524
1632434599
2019515672
419413278
1584573930
2143091858
-267259767
947829113
-749867926
-2357394
-778954034
555185359
620397259
-1342568749
1053758930
-642159556
1799746758
-906370535
1431345376
2072016948
262586623
1851359005
884116238
832831470
-965666146
-1966096828
-335222538
1302036223
1571104798
-134237505
-94907988
1599291716
1516362596
1005624080
1992748779
-1449756411
2066003731
200170957
165063825
-981331114
-22014690
-932278620
-2010582195
388361920
-1158233442
1825718174
213277334
-5220319
1711604964
-73588057
-233568802
-925240880
298605522
1111408461
2115870983
-939103996
1949865318
-569196344
-1394724843
2146475381
-1404434793
-217472966
1846126117
-872472765
1683619172
-1011142857
923039646
-1161287913
1718337577
-692533626
-778724443
1813671047
1925033523
369958185
1345499350
1817345727
-1074571881
674499482
-2086848208
-384138404
1751814719
1974779735
-578608816
623673243
-421852603
-131259744
2017724129
-1886548046
-159343741
658865279
-668994990
1228583037
-704213398
2045742344
-1389660214
145096541
1232249362
-557536798
1655731032
-1494379427
1403798931
-376791291
258069615
363027093
-1657957742
-434153532
-2059654000
-2020635949
-802104034
1988596750
-413928119
-1588745097
-460919620
1256009200
-1704083107
440287390
-1016122688
312324957
1514917188
1095072641
-947088930
933386289
744465109
-311316449
732334848
-1072266125
944096321
-148221414
1435493209
-565017894
-631467453
87208414
1049171897
-2878574
-1675173483
1071240968
-922341086
1608967999
-465701979
-27058940
841272988
1261127234
-610417016
1162442232
-1533511611
-280401862
592572462
-1715898400
1084264363
436486093
-482838313
1438423033
1107063134
80133799
-1946982202
-78497693
-1358455873
-772614718
1652096307
-1722192895
-1536102626
-672549400
-834815867
-436693853
-1398973692
523834485
452116928
1566457703
33000652
2110879841
1334200124
998826843
1433629560
-1528441986
1018878103
846816871
-5919551
-95097859
-2121929748
370052202
3944303
-1518249418
-105577916
-1979337566
245810923
1250238119
-1889788084
-545289904
1150497810
1106908221
1619494984
1949140379
-1328937141
-278871342
1943404103
-399018572
-734623781
818107895
524281752
-1623829190
-1397408649
-943014926
-811393924
513028064
1458170138
1532506378
82987804
-1099503539
1662457368
420854529
1096951485
-1269429949
-167873421
-1533781791
-119679439
230294786
-2022526099
2109139707
-1800448624
-1331329298
699964254
915740460
-1528840408
-1139819665
2019459527
301051234
-660688975
-1478446568
-1475450202
454316126
1077885380
-1487978997
1414556427
-1634834758
1363942542
345110682
158867691
-1922066386
-1088671296
-137672143
-1320070093
-1309779186
1131103945
389193076
-707980000
1775064598
705353031
-637853532
-1892553779
-1878091158
-872329542
-1264928442
812051725
1494350295
145092474
-904262138
-1256535942
-1572078242
1370639595
88132312
1208296397
-577290253
-1725820178
-1543535777
747755376
-1745211007
-1605589862
699062162
69918801
819430962
103519275
-273564003
-179365127
-1189095956
1786521146
1119034372
653335516
-159436770
-342272978
-1317731570
1585101042
82421691
-1060175374
511855712
1065818246
630594438
1102994151
1515807207
-1423025843
-1784234352
141986332
-983472901
1457203129
749937918
912540092
1418269376
-917252977
1818220816
527287751
-1815803184
891666615
1114356830
-1850184187
215571478
-348442030
911980899
-1494232266
422870012
2085676817
124881215
79043470
1231031240
-981338172
-685600328
-530048417
-2047995837
-1737105103
470818689
634861336
319782811
203802151
-2116910913
608587629
191580554
-1259651374
251446216
-266991401
1989885366
-1965274801
-187228627
-1117764289
908489819
2040344450
397033466
1334423285
-416867034
-569739737
-78244036
-557084698
-247211932
1370106151
1653786562
-1507366898
461569627
1660229932
-1344087256
2102982443
-1761576712
1635638903
1378479377
980594098
-722136150
1862579440
474699699
287029510
721970572
535070078
-77028201
824581863
483703241
1060548761
-1164982879
-1499030488
-1642685893
-1160745444
1361402446
169818788
746053717
1511380575
190285117
854119026
-998215613
231467141
-441838096
-1743328681
1630863951
1339302417
-294319405
-808146052
2072944262
-179209281
-432361604
300997728
1417391771
-580919407
-1437934797
1664751375
1405471242
931425319
-126020683
732671636
1850056832
2022578515
-1759274955
880736171
-125786503
268669420
-302671709
473688251
241330219
884233954
869211439
555697410
2004723362
-1445953645
-704028144
349947665
-1218469077
-1068782756
18262912
1931411067
2101492982
2005203057
-751249909
-174467895
2081408246
-176745487
-505796855
-673714768
-1787450356
1733343028
1015292265
-97495419
1324445539
411510375
-437755217
-1731381008
-2137692387
1702462555
2870335
-1318091552
-1191617746
1758793625
1441037531
57591230
-1163591032
2102893753
-247505303
-792422684
-343879560
428794355
-1899344903
-537498800
1622914127
772302838
-1515449337
1554488468
391819076
558838776
-1142695172
-221711087
-1114544999
894533390
-826433030
771369316
1901135867
-1868951875
-968755751
-955976417
-412266962
678298320
-2109535637
329305787
1384989673
1217997931
-519453177
1814652621
68693758
-1346354593
-1094090427
-1360959880
1907154366
-55474496
-232161531
1677599010
-105641830
530690485
-1851825994
-1336922774
1199876621
1657550222
-1220142380
-1188554407
-1919192903
1976250395
-1450103374
1247129047
1356115920
1466735931
-285989255
437482847
883585461
2014289587
-846025616
-2053670410
74354914
-2081559232
-24273283
-551719336
580057867
-832387346
-1564080917
-1563576715
59802243
-964563286
-2060002451
371720987
2015289823
2003210518
1771239266
-590383885
1081529816
885727900
216305241
151091889
-897486475
-470250811
-574611240
-1394614649
-1788473239
321663179
-1837839015
927577818
-1608873031
1534705004
834686868
713436727
-1934650206
-2077841919
-299028477
1740592776
-380806728
130733262
832956323
1064991618
-395126190
73597594
1043332087
1209968737
-296973275
758551938
-160540847
795956439
-820168914
20715786
1421500756
234646849
-1526846507
-1614503052
915905460
1657809435
1609185103
-119030700
-734148801
-1371116874
-463930813
2091817060
758240545
2056554279
-655981136
-1667842412
329656419
-1940664958
1960665613
-1947112859
1155460020
1928863304
1714906289
1579564919
492797804
-189834211
-1878263947
1932862048
812794829
26976958
682145431
-1405334850
468468619
1392867633
-84178720
277144207
-551386482
1799516989
-3959287
-521550145
1327428853
-706742756
-1972322469
-393134846
-964730274
-999746449
703561364
-1876184349
893958500
505001329
-1994830063
-1854481891
1352505192
-280986769
-614464215
1961211433
-336656236
-1422647945
718059478
1749249816
-651508707
-1328011185
-2100223846
-1271923294
-338007865
-252159320
-235629153
-1397554050
-2007269970
-427749229
-1856765408
-1877841165
747649858
1712222772
-1367441144
1407159470
-2031787885
1001609652
1085177304
-335080746
1804179662
1718887548
-2013691955
2145176157
2054632710
-1073683553
34538305
920521625
-877052360
2013110167
1455490385
-1887795438
-161406072
1675535155
-183032385
1725729693
1110608081
1514799568
1784120090
648485289
-1872823972
-1303458618
92189980
-1238280232
1292075758
1322626085
-1118664366
1697397969
-1783202553
347459233
332490242
-1223130540
1100218473
823420106
-2122680504
-1094699634
-249834793
-1922819201
-603387263
675838126
404474654
1237141924
-520111123
-1935324745
-1374817960
480167186
587618959
-1417518441
-100540561
1135776463
-874011048
2119272057
-1432541728
-214899074
304761988
559927383
20363457
1278158105
-1424832958
-2082941230
1959635204
751820508
-1903034982
-155731643
-2032423427
857994372
-595665781
-1441568233
84427553
198990777
-944297357
557107792
399072783
1408186056
-291087437
-1514509714
55247060
-1756744812
796342162
-503905159
-1513673622
701982158
-1424000927
2012545877
-1995704446
179900515
-1950168608
-1504007338
-729428605
-1225518538
584894944
-1408255975
-570418735
-1073223153
-663228631
-2009169007
1370415954
1332643282
414284445
727190112
-2110251987
418205939
1042863773
6512999
-6575660
-297519575
1492846762
-1990823776
-196777660
1985906785
2026969423
1455359786
1518646155
-202045707
-946694593
-136274779
106505866
2060415261
-1480879431
1037849535
-398674436
315055269
795331123
-943844849
1099909302
-1416281120
-1508193994
-811417311
-1295489488
931921628
694632583
2010713297
-891832253
83237846
-1172969849
-752930084
-966433484
1896598256
-1030845732
-634013773
2033157616
1001345312
-1639169969
-869788525
1808940185
864630379
-481312521
-1020677423
1360801601
905749331
-1475252073
-688469894
1609132788
-654335602
-593059516
210627099
1704653563
-1117113352
316931659
-1156553252
-1713274785
-368412215
-377405104
1944370131
854996396
-1980018422
1205900730
-233322602
1237601014
-1902236604
-446804402
-5345518
-466422240
-1905258629
1312018714
-1738347878
-1729162405
-2130909094
-213721709
627440194
-1744285203
-592202321
1875677441
1584241774
1588455731
9515544
1382665499
-555738715
-1500309016
-1866598914
-2083461907
-1685882454
1799618471
-1919400765
676246529
990295501
490174126
-277808841
1050117054
-1824834434
1140005348
-1446623921
-1711906038
-1154835934
576888093
1312700696
1562891319
-660776151
718538651
1968063720
680981787
-77235360
-1222733097
1738287831
-2138929792
2064643715
361902465
-1023929491
-402559041
-1178186218
1487536838
2006366620
322221990
1382160500
-967035440
690872816
-814812254
1296166183
1485185426
-620457724
-1577602022
1351631482
-1835297595
-1456753353
395541784
44175437
1571594797
-215271520
-1503709650
958155815
-2092602080
-1061509058
1394095255
-1561554287
1709161032
-1092880012
-522697829
2131923361
1658210471
505544371
-1327542472
-1677915948
-901368101
-246177160
91919614
1410757153
-45418333
-1187510407
-1582072006
-515200950
1053139105
1315375386
-1385263530
605036148
1319666273
-943927514
-314248065
-1609270022
2144104601
-1161402182
887736200
-766134403
