2137217220
2135048802
2133357003
2129250847
2121736783
2115953152
2113206497
2112569012
2108286001
2106433934
2102207308
2102154733
2094826199
2088122845
2085210874
2075028879
2074268660
2064498860
2059700149
2057233054
2056165182
2046611975
2042856622
2040429288
2032383057
2027240118
2024841506
2019862254
2017971953
2007644844
2004696092
2003798679
2002582190
2002038474
1995908368
1990757225
1989335640
1979056332
1977912932
1973880363
1971388316
1970808184
1967071406
1961308988
1953905627
1952350943
1940771069
1940201853
1937201505
1905960492
1904175420
1902410799
1893583618
1889306281
1885359206
1883749075
1880125040
1876723388
1870317719
1869389601
1867456374
1861716267
1852789540
1846114115
1836522262
1832766890
1825352883
1820808154
1818105384
1816140135
1815013723
1812021515
1811621209
1807882671
1801905108
1795757727
1794677674
1789294060
1789044345
1786686022
1783039389
1782727817
1780349158
1776034130
1775984758
1775733563
1771143406
1760278246
1756576330
1755778332
1748965430
1748295216
1748158524
1736610205
1729049053
1722464709
1722445725
1709975585
1705371412
1704554639
1702965833
1699221794
1697275020
1690416947
1669893697
1661786390
1661706097
1655442624
1654508806
1651897253
1642906185
1636798047
1633107846
1631448139
1629308854
1626019325
1618602301
1618259463
1613401241
1600112827
1593478581
1593208324
1592836875
1589339340
1584837040
1580817579
1579974581
1579485565
1575999669
1573207408
1571585578
1568468035
1568100802
1563992674
1556274172
1551361061
1546759899
1544728194
1544222396
1535255789
1519662421
1517427488
1516690605
1508576004
1508224808
1503507081
1502416730
1493834374
1479407815
1474488165
1473641945
1469780661
1460962267
1449396050
1443587999
1442228505
1441995730
1438660528
1425079588
1411254365
1409365596
1405898814
1402894283
1401036492
1398468577
1390437573
1387487843
1380007802
1373685086
1369169194
1368336522
1366890352
1366770386
1366067995
1365042508
1363943518
1359924071
1356864185
1350628279
1345931748
1344796238
1343288252
1325081663
1320915533
1315742943
1314756419
1313831309
1310197444
1309999743
1306760047
1306607504
1294342852
1283478693
1261465612
1260920303
1260482953
1258566115
1251078028
1250378133
1249197167
1247625863
1245569295
1242324315
1238281606
1236834228
1235510163
1231656379
1229842042
1229388523
1229038191
1225270818
1224927906
1222822721
1222049162
1220427329
1220238043
1218489873
1205931189
1202158885
1191102248
1183500166
1177781678
1167421350
1165718032
1162048469
1161568418
1157154888
1155755233
1151138351
1146266082
1143978700
1142391097
1140353306
1132615182
1129516540
1129446003
1124903184
1123979106
1121334373
1118405302
1111001929
1103741897
1092462262
1091753257
1090102805
1080320531
1076862302
1070486368
1064610917
1064197326
1059847202
1057527253
1053328060
1052823254
1049310224
1046302806
1044761975
1035566296
1029272690
1026317311
1024935502
1009707596
996362383
991465919
984527281
983314795
976857043
970949737
970610511
968924640
964492668
949760790
948475650
943673070
940727285
940472697
939126302
934817819
929403457
925443458
924395375
918149150
916061880
915644772
901953782
894128423
883900169
879152912
877570312
875031591
874505210
871830470
868279751
861859834
853168631
845942671
844868627
838151616
833341697
827030981
823065868
821242948
795188670
789895795
782167754
777272249
776100399
772244368
769564189
759108453
757865377
753188271
751172976
750114954
750085443
749619119
745858785
744644925
741691171
738105525
735123156
734043026
729865813
724037817
717667944
710099754
695075653
692252565
689805247
686379935
682231493
681138163
675242513
671499536
667284463
662734101
662730520
651900375
650617918
649489157
648144191
636542168
631134295
629913247
623474842
622466190
622046025
612802010
606583301
605555750
596050041
594223150
592462282
584625597
580446304
579031496
578902294
575880562
574004530
569304673
547753918
546168620
541073166
539815059
530011193
525171114
518830542
513538922
513273916
510884485
510286675
504113503
497218139
494680528
492477280
490443183
485956715
480084421
474277956
471773546
466706686
464190305
460520692
458359806
453866736
444322554
440280120
440271669
433311436
432610150
418802454
407636072
405605180
401620622
399277418
390986581
389868248
388684387
387853075
372198123
369339850
366218613
356577067
353327996
351485159
349525502
349141981
348460590
344181260
341125353
340866494
337733161
331328636
323876496
323764302
323722757
320293743
314664152
307810695
307584275
301065506
300332952
300310689
299023386
296582945
288156693
276059533
264720834
264652831
261304106
258243865
249955348
245986658
244960973
244932892
243613996
242561981
238462644
221631953
217465378
210128213
206948637
206286251
205904311
205735861
204487366
203294747
200999180
192553408
190210346
187559832
187519235
179244297
167428449
166668163
166042550
163812180
161803394
154332528
151558232
147169506
147011499
146395352
145718931
137987990
136020022
135367665
133846989
112643906
111253500
109241582
106710880
101677789
99371010
99259006
86510376
86270581
72369409
61184386
53023621
51757487
38712169
36763408
33212042
33115689
26975060
14080666
12430846
7419375
-4195976
-7886076
-9949351
-21312254
-26877853
-27430247
-29382352
-38467669
-50771403
-50807283
-54853904
-58713533
-61886731
-64464863
-64600166
-64909582
-70881396
-73506897
-74482657
-79029086
-79123673
-82148075
-98971768
-100544007
-105306339
-112411677
-117021911
-126544391
-136943613
-141166425
-153740807
-155408121
-160219834
-163115256
-163422011
-164722327
-165280458
-165588207
-168428763
-168576675
-169220440
-174363861
-182257803
-187330839
-191216918
-193253028
-198671287
-201595396
-202476430
-206825636
-210858222
-216814486
-221853309
-223697265
-226749303
-235104125
-238618166
-244546896
-253108841
-259662685
-273680371
-275397954
-276848513
-290873690
-305683197
-308339136
-309846204
-313349200
-327909766
-331512522
-331632999
-337387588
-338260143
-339067734
-343778580
-350360281
-351104956
-357302238
-359891318
-361114128
-362168930
-369582718
-370907968
-381138131
-382295294
-386051917
-393572012
-394089305
-395200925
-396501344
-408600372
-417830437
-418966534
-425817535
-428777845
-431960558
-437347526
-439411642
-440595622
-444338514
-444377225
-449085237
-463610851
-477327153
-483880826
-490248290
-490365311
-492271925
-497897301
-513512521
-526789706
-528474650
-529523868
-530773932
-533531285
-533771110
-537263735
-537726666
-538050470
-538213454
-543146676
-546799201
-550508396
-558980844
-562423996
-565946019
-572461401
-574194440
-575242848
-575737796
-590790051
-592510956
-609877558
-611513918
-612652077
-619665452
-633042789
-633902808
-639233455
-643139563
-643802219
-650847569
-659162195
-661635577
-663565201
-664696107
-674028742
-675742728
-675817825
-679116056
-679776153
-687949090
-695286907
-697752044
-698407530
-698488235
-701458565
-704376657
-704972409
-713687141
-713855355
-718200342
-725049405
-729958194
-733022631
-736424530
-737365642
-741997833
-742378548
-745089448
-745319801
-746099627
-749677567
-750500294
-751701487
-754294044
-755449992
-757125132
-757380491
-757916108
-768709495
-770932864
-772252100
-776846180
-781341675
-781998452
-784707731
-786010983
-787365257
-789033200
-790810724
-792332373
-797197674
-800994566
-805015618
-806576432
-812701696
-813520353
-822685032
-842955887
-847637758
-848184880
-852620909
-852793138
-857049082
-866822535
-867497689
-870419414
-872915469
-873216470
-898225522
-899030222
-920195824
-923806075
-924729540
-928392640
-929492984
-935263549
-938032018
-944682509
-948227139
-950388141
-954491289
-954770393
-976249819
-979267988
-992949581
-995559462
-996146023
-1001236073
-1009383126
-1014651997
-1018184565
-1020082211
-1021370745
-1025733779
-1027583156
-1028880273
-1028891505
-1030186837
-1036473003
-1037923281
-1041412944
-1043825489
-1045316332
-1050532605
-1054105834
-1054175934
-1058112359
-1058726158
-1064469557
-1065529627
-1066308557
-1067470955
-1072641913
-1074109635
-1080695361
-1081266589
-1086351688
-1086744376
-1090849094
-1091684500
-1094855303
-1101395766
-1101458716
-1107712715
-1112050961
-1112589940
-1113709808
-1121940148
-1127486317
-1130784836
-1130871755
-1131498973
-1135659861
-1137949067
-1141701458
-1143168648
-1147311137
-1147506704
-1149574536
-1149894786
-1154206676
-1158149495
-1160341492
-1169152644
-1181967032
-1185868642
-1187312058
-1188299003
-1189876165
-1194811580
-1198631043
-1199548273
-1200636425
-1202970694
-1203438560
-1219823624
-1220154950
-1223210509
-1226727854
-1236985746
-1239446945
-1254754697
-1257928710
-1263053646
-1270494360
-1278559998
-1280132522
-1284787851
-1287967661
-1300385491
-1306809414
-1308151492
-1310858109
-1313650305
-1322312334
-1322981545
-1328262293
-1330081423
-1336045693
-1340590146
-1343767845
-1349375825
-1350874836
-1351104210
-1351528617
-1353196630
-1354328264
-1356250536
-1357432128
-1366695822
-1367763603
-1371168745
-1379471341
-1379733439
-1380054512
-1380982867
-1388322181
-1394157388
-1406832431
-1407347609
-1408457387
-1411775771
-1420815286
-1422241109
-1427667847
-1427688038
-1428891447
-1433706324
-1434606166
-1438700454
-1438731091
-1440402883
-1441285505
-1444678824
-1445581902
-1466762807
-1470219406
-1470460231
-1472147490
-1476149076
-1477221331
-1478793831
-1481588509
-1487060220
-1490379857
-1491305156
-1493452359
-1495831048
-1520099638
-1529356740
-1533655093
-1533998286
-1539773143
-1543453812
-1547921960
-1549100031
-1555447124
-1556018578
-1560597548
-1567188348
-1572035017
-1587595908
-1600527498
-1600536847
-1612777862
-1616048999
-1619032717
-1622494067
-1630545034
-1640846211
-1640858239
-1641753756
-1665815475
-1667857880
-1673444496
-1677424197
-1677727312
-1678267980
-1681918812
-1687770159
-1690205897
-1694260575
-1696514647
-1701987735
-1715683682
-1715755864
-1717825364
-1717957469
-1719142694
-1728135088
-1731587299
-1732914738
-1737508725
-1738489438
-1739451760
-1743275866
-1746642451
-1752720103
-1752741576
-1754894172
-1755495983
-1759026313
-1759960695
-1764170298
-1764828751
-1766953982
-1767740726
-1775250518
-1780679470
-1785375055
-1788668868
-1791554578
-1801975186
-1810810986
-1814380318
-1816742571
-1820587931
-1822566048
-1823795209
-1830603217
-1832775744
-1834041308
-1837631847
-1838298182
-1841947600
-1864162712
-1865445423
-1870391380
-1877145135
-1905188819
-1906162797
-1907788622
-1910655145
-1918972535
-1919505844
-1922425183
-1922702157
-1943991247
-1945074488
-1949739663
-1951533574
-1952815203
-1955668696
-1966696511
-1969110119
-1974392647
-1976156888
-1976498063
-1977731810
-1980185731
-1982039098
-1992450493
-1993235911
-1993527466
-1997260925
-1999316482
-2010311821
-2011378315
-2014260294
-2023879014
-2030109198
-2032338273
-2039058630
-2043025316
-2045678235
-2047391824
-2049671249
-2051679558
-2053126832
-2054070573
-2054948574
-2057013411
-2059368424
-2074164589
-2074248972
-2079010554
-2079277093
-2082204370
-2084295888
-2093593147
-2094826032
-2105952805
-2108070386
-2110276202
-2126508672
-2129492953
-2130808662
-2131844103
-2141826007
