2139518571
2132739310
2131931578
2124777420
2122456410
2119555942
2116432993
2115610848
2115591831
2104162171
2099195566
2094618105
2094395311
2090189766
2085476942
2083339259
2076601907
2073016688
2070063004
2055741647
2054925882
2043191343
2042949452
2042018953
2041197900
2030994558
2017723133
2014053667
2008064674
2005269551
2004722727
1998646827
1995747908
1995597258
1989323537
1986055499
1985077733
1983547287
1982822193
1981588528
1978370224
1975618237
1968095281
1966417601
1963504309
1955855012
1949249694
1946750630
1936095032
1928625819
1928268037
1918710310
1915709559
1901933124
1898479276
1881516207
1881156674
1877228570
1873511387
1867998680
1865046137
1863727209
1858689530
1852107511
1850724883
1843112289
1839118907
1831648725
1826564371
1825595799
1822811287
1822270525
1816820103
1810354412
1809990865
1805037840
1803788448
1800114823
1795214064
1782166144
1777887210
1768490537
1767710943
1766220366
1762275800
1761318901
1753573086
1744842505
1727620252
1725765180
1718654826
1691483575
1686094482
1665267754
1624027035
1617325844
1614062356
1598643032
1593201177
1587357275
1583660363
1581045182
1570834733
1562988251
1561525028
1560460305
1555007036
1552507883
1547081300
1537687873
1535885812
1534036364
1523247813
1521750094
1509305859
1508342662
1506494625
1502261867
1493673966
1491532686
1489260288
1483715307
1483613365
1464026598
1453352131
1446358456
1443726933
1434733595
1434371596
1433157359
1419831408
1414864222
1410000851
1405209733
1396876792
1384373784
1383713600
1372959945
1370987939
1367374766
1349871908
1348499336
1345001397
1339544483
1335820042
1334980903
1334021610
1328560899
1325185879
1317867653
1315182167
1314348685
1311705114
1303125990
1302769620
1299667176
1298696782
1296888979
1296029497
1292702303
1289524484
1286129344
1285333699
1280474039
1270483479
1260388687
1256323667
1255875110
1251910672
1249283951
1243571424
1238871651
1236848967
1234582765
1231472419
1218934081
1218355597
1216945834
1216544646
1208417989
1196682103
1193821529
1192764238
1185976089
1185432798
1180430581
1179778161
1178824037
1177530661
1176348866
1175248241
1171024780
1169034007
1168730452
1167355901
1158220511
1150030950
1140650612
1139487160
1138334412
1134444111
1130740104
1115098756
1110860214
1107358569
1105125219
1099488223
1090115402
1084902575
1083844119
1082960206
1078448090
1076766665
1076546529
1075226053
1074789027
1073987250
1073949370
1070392617
1068778270
1067174903
1065181570
1062786066
1061833890
1046145953
1039738124
1029804269
1020358257
1016026200
1013517128
1011218074
1006172394
999958153
996843761
991065245
984957149
971651528
968637698
966676476
964709561
959385461
957323925
956318123
956278824
955485690
953895014
951892874
951884418
951501221
951448787
944387144
943579054
943381727
937200397
930077051
926728708
925635258
920743943
912978995
910589512
906566078
903634983
893437288
891870774
891095585
889188364
885098640
878185353
874656451
872598283
869134488
863587825
862033548
858341536
852547733
845320069
841363402
839947591
832578094
832134927
827633956
822050548
821290368
817433733
817406400
816102041
811549281
807717522
806673119
801694803
799086366
797469724
794773732
794659370
790806300
789300799
787488208
783195235
778919035
764673518
762054019
758278871
756769623
752209436
750109273
744540373
743214547
741923606
737305965
734775333
733989815
729562097
724590832
723901126
721780827
717603684
712774001
709341587
708808943
707666685
705852979
700232483
698558723
694996872
694936318
694759052
687889529
684914221
684740364
680899856
676298128
670493730
667230939
663138803
634530350
633309538
632528044
625947644
620401474
612893889
610884228
607918945
606121330
600753869
598199840
593242685
590648028
585218172
584757343
562673326
562296080
556658349
548972666
547960733
545257712
542957824
540425616
536145017
529116459
528940451
512350985
511406589
510956184
509015648
500482505
499090873
493746208
492068249
490655459
488682825
488211450
478941722
476384863
463318507
455557733
453850579
451823858
450718282
447423124
436823410
431731290
430003861
421884161
417470762
416472569
413223956
404841789
403384722
396293310
382726626
379813167
374547282
372032598
371274066
370955658
369370288
369174138
362955210
361679915
355278950
354186046
351723312
347577124
344106203
339546150
339313091
338618247
337419560
336453649
334344162
320394469
311463512
311342296
309512002
305242084
290711569
284130953
283112649
281474390
276258248
275184601
258400060
253107715
252349137
250867212
249729827
241377748
239436158
237850573
236425805
235015633
232563420
220923907
217840944
211939803
198659638
196001041
195007457
192130901
192127808
191607090
191547438
185282326
177512951
175428711
172435525
171644969
169990763
168317502
164718302
162096603
153255967
149874645
149785341
148646260
143129397
139278668
135951404
127298330
125237690
120371930
120301538
115852742
113725612
113683510
109634606
109055912
103112225
101456668
98120053
95295450
89583526
82295019
81186672
80772969
77684341
70801961
62431328
60537466
49820430
43297295
41871460
38661539
35323640
31267198
29668814
29085883
21618608
14769479
14022648
12452060
8970859
8535527
5457775
619135
-2500643
-4692173
-9443076
-12183657
-17678391
-20863948
-20928199
-25654774
-33339755
-36057163
-36721129
-39963065
-56292869
-63123655
-63496152
-78258409
-81263487
-85037026
-91246780
-99931541
-101288850
-104631842
-106687626
-119980480
-136007828
-143442460
-145028134
-145801123
-146420389
-147057739
-147129618
-157558472
-167503074
-169420283
-175855812
-176341803
-177516111
-178544375
-183189611
-187962812
-191149760
-197659132
-198654686
-205306349
-205840516
-208378508
-208989253
-221750031
-225608163
-227416434
-233344805
-244443490
-245866221
-247066046
-250583308
-256809954
-259467008
-260169968
-265537909
-270973446
-280773537
-287185618
-287861247
-288753596
-290118566
-292143504
-294034427
-299195804
-299548832
-301958434
-322148212
-328235293
-332725743
-343221222
-344858105
-346165691
-346241662
-347783081
-355579800
-359742439
-360120365
-361786404
-377829812
-384605513
-395017486
-396064880
-397000833
-397438951
-400286134
-403964960
-410779202
-413397953
-415523072
-416892932
-419032608
-419891738
-425953203
-432402158
-436501180
-438621056
-439402798
-444852413
-460083116
-466031311
-477172849
-480570478
-481723780
-483738566
-487244752
-487272761
-487798488
-490774340
-499896631
-502019481
-504068826
-505107830
-507237013
-509975019
-525255403
-534258637
-543268906
-543798554
-544220064
-546489811
-547854603
-550566815
-560223784
-572305366
-575699640
-582380891
-586159560
-593984276
-596192804
-603282450
-607306618
-608377260
-622845590
-624582148
-627486093
-634404192
-635825990
-646971190
-653865034
-658273695
-659994454
-664083038
-673688991
-678373727
-685717183
-688962063
-695423329
-695799007
-697358957
-697362275
-705971348
-706844386
-722799172
-724300343
-730448031
-731743428
-741412150
-742336736
-743909644
-749451781
-752139550
-752739659
-756126406
-763633962
-766301029
-769643926
-769721114
-770030849
-771404950
-774759036
-788896750
-793121122
-794048979
-799856103
-808191711
-810076729
-811122478
-812512109
-813358117
-814839441
-821926631
-822239105
-825682907
-826074805
-826987355
-831049307
-837145660
-841348040
-843755405
-854848196
-856415069
-856687667
-861473484
-862514095
-869159353
-872274529
-872655305
-879154267
-880084405
-890588076
-892927175
-912186639
-913758433
-921612720
-929414494
-934014901
-937373734
-942214202
-944272466
-945078141
-953407331
-953841555
-955953043
-958460141
-963074322
-977583137
-984153401
-984229583
-1006324677
-1007447391
-1020710858
-1023914945
-1031442430
-1040146867
-1045107696
-1058332834
-1063199152
-1073764285
-1074206846
-1077678320
-1080874990
-1084183943
-1086596958
-1088373404
-1091297824
-1093749789
-1094213720
-1094293211
-1102703145
-1103819500
-1109924914
-1110728771
-1111073198
-1121796368
-1130458145
-1130861504
-1134648760
-1138655375
-1139157900
-1141818468
-1142114292
-1143857060
-1146253854
-1151904844
-1151955343
-1155358132
-1155896791
-1156424204
-1158088785
-1161094830
-1175230056
-1179982132
-1195038487
-1195601652
-1195770808
-1197868874
-1200242362
-1213328985
-1214670045
-1216243378
-1218806969
-1225856054
-1228528548
-1230796973
-1234815345
-1246464636
-1259804603
-1260282123
-1265558161
-1273128245
-1274974795
-1275818392
-1276859103
-1278171564
-1280890383
-1282969248
-1290121411
-1294906867
-1300152883
-1300332557
-1303855535
-1305476975
-1307368393
-1310415535
-1319603825
-1320967632
-1321098742
-1322713485
-1327974373
-1331856457
-1334507173
-1340093005
-1343599636
-1350984291
-1355305639
-1355537504
-1369472454
-1375666533
-1384689333
-1387682529
-1388592053
-1393932200
-1401672348
-1404245305
-1405786951
-1407789642
-1421100119
-1421743330
-1428053412
-1428783679
-1429217870
-1430833584
-1440807840
-1441797808
-1441950942
-1442406092
-1452233433
-1452954826
-1458051640
-1459340735
-1463651809
-1465512293
-1467286421
-1469412003
-1470815062
-1472262777
-1475620828
-1476147772
-1477177630
-1480448501
-1486663212
-1489229216
-1489912604
-1497638497
-1513300987
-1518204266
-1520337357
-1528155579
-1528250503
-1539890134
-1544222329
-1546378616
-1547287275
-1550529255
-1551361650
-1554814072
-1564205446
-1567151239
-1567949761
-1570197917
-1575318950
-1577069691
-1577667376
-1579767460
-1585543782
-1586167643
-1587861544
-1588049804
-1591448337
-1593703481
-1593951604
-1603350932
-1603731618
-1604975284
-1605537614
-1605593232
-1611258255
-1616984902
-1627550614
-1635397388
-1641975165
-1642447093
-1650002418
-1650129697
-1657004751
-1661569934
-1666503520
-1667060516
-1680210946
-1681852563
-1685440070
-1700332852
-1707536734
-1715062306
-1719036482
-1726689471
-1733521164
-1733972999
-1734213117
-1736514008
-1737411274
-1738698949
-1746249254
-1746376034
-1748551639
-1752427415
-1754103105
-1757066843
-1758789710
-1769432510
-1769874780
-1770550328
-1771505079
-1776154615
-1780791161
-1781465030
-1783188718
-1788713541
-1803648573
-1804065964
-1804883784
-1805849082
-1813949370
-1817454231
-1820285207
-1825161979
-1839313813
-1841924441
-1849116724
-1857625853
-1864061420
-1864452634
-1867015141
-1874616193
-1879667896
-1879729133
-1882609201
-1885247585
-1887867108
-1899763610
-1901770018
-1910679518
-1913656285
-1914948417
-1915066139
-1919472476
-1921437316
-1923215234
-1924333605
-1938329879
-1948717573
-1951370145
-1951498474
-1953840177
-1953957014
-1959253543
-1960785913
-1961626760
-1965380851
-1965694620
-1970590050
-1971654979
-1974355352
-1975395636
-1977281327
-1977331595
-1981344115
-1992536196
-1994013166
-2003936113
-2006964943
-2008990085
-2020181911
-2032349267
-2038131372
-2042085404
-2045634177
-2047382529
-2050646025
-2068253323
-2070518604
-2076182797
-2082480639
-2085693685
-2088756840
-2093261042
-2093972035
-2094455129
-2096336337
-2096703135
-2097432323
-2116896550
-2117260927
-2118914478
-2126496077
-2131748653
-2133971966
-2134935314
-2135713553
-2141445973
-2147186653
