-2141796924
-2141488114
-2141377975
-2141224588
-2138658623
-2135858766
-2123011064
-2122932118
-2119320994
-2105154870
-2101542647
-2100939185
-2093826697
-2087795562
-2085884971
-2085567845
-2081736340
-2075320824
-2075259511
-2070584815
-2065428019
-2064894515
-2061099371
-2058981000
-2054159199
-2048722689
-2048393121
-2047806347
-2045149333
-2040824969
-2037400399
-2035969047
-2029977687
-2021881084
-2016095797
-2012467183
-2003642349
-1997468471
-1995153888
-1994923249
-1978616774
-1968808926
-1964951392
-1962089707
-1955486551
-1949520664
-1938273346
-1931689973
-1929244402
-1922222578
-1916653281
-1910698415
-1907828159
-1895421008
-1894235056
-1877126311
-1876254368
-1875925841
-1870175970
-1870013772
-1867789968
-1865103879
-1857862017
-1853510780
-1846290767
-1843454608
-1840038267
-1828223861
-1827288107
-1827247947
-1815572143
-1810161614
-1805715704
-1800219446
-1798563026
-1797979473
-1797804925
-1797356064
-1797065143
-1788793731
-1773315825
-1771547535
-1771176490
-1767782719
-1764951624
-1748191359
-1744224841
-1742992929
-1735589394
-1732555896
-1730140927
-1725516056
-1713092319
-1712783887
-1711153908
-1710088156
-1708170714
-1707877427
-1702514118
-1698457733
-1685727156
-1685613271
-1684574547
-1682406339
-1681324652
-1679158779
-1677962593
-1677712502
-1677116128
-1673948825
-1666502138
-1665698808
-1661567576
-1653648069
-1650543573
-1650323508
-1647560706
-1647237947
-1644839211
-1635379814
-1632398242
-1630876300
-1628996079
-1628238167
-1625049929
-1613617300
-1610058223
-1608692862
-1593008827
-1588091169
-1587892108
-1587144804
-1584595970
-1584401843
-1580409036
-1571825857
-1564343992
-1563695864
-1561198193
-1551116561
-1550381472
-1549115918
-1544400915
-1539710333
-1537722657
-1537069767
-1533213771
-1528649287
-1521368541
-1518125352
-1505493313
-1490002759
-1475776626
-1474198247
-1472588992
-1467325201
-1459082516
-1455255881
-1454737636
-1450451646
-1448134556
-1447427453
-1446132965
-1444287220
-1444007765
-1442370695
-1433740971
-1431680917
-1431248315
-1424417916
-1422824837
-1411932231
-1405348864
-1404550131
-1403123973
-1400110843
-1398386042
-1397020600
-1390272257
-1389149213
-1383338970
-1381936238
-1370369157
-1366654783
-1365505501
-1360319990
-1356844294
-1356733731
-1351897102
-1338440528
-1336150099
-1330890143
-1330889738
-1330202082
-1326449337
-1325377804
-1322614850
-1315790045
-1314904049
-1314824992
-1312935262
-1309710545
-1303318743
-1277518654
-1264602526
-1263873296
-1263615917
-1243614269
-1242703189
-1242321330
-1240907823
-1236896890
-1236717529
-1231371549
-1222066070
-1221126349
-1218589633
-1215491984
-1211011785
-1208701768
-1203883508
-1202749491
-1195728969
-1193975798
-1186061405
-1185291496
-1178561255
-1167536541
-1157940513
-1157109456
-1144644541
-1139856490
-1133040244
-1130337406
-1127645150
-1125635642
-1119219596
-1115020897
-1106385206
-1106334766
-1105586756
-1102559525
-1097469956
-1096772454
-1086500634
-1084796950
-1081444951
-1080270671
-1076490916
-1069180977
-1054290130
-1049981046
-1049827441
-1040234834
-1031744476
-1028980199
-1020115851
-1015840882
-1014534706
-1005184054
-992915023
-992402214
-991312274
-991282360
-989367202
-988191853
-984484767
-978529477
-974332065
-962359982
-959078342
-938552770
-937550754
-937027166
-931714467
-931450554
-926102490
-920079759
-917034434
-915769084
-907237156
-905703766
-898691482
-890582402
-889952728
-889420657
-888551239
-884175553
-882152504
-881049842
-876103518
-871141953
-868002551
-865807278
-864200081
-862263416
-855092918
-848740519
-848081379
-847114669
-841868040
-838464129
-837446199
-832229577
-826533897
-820186000
-816976132
-805296326
-803619499
-800380486
-796643796
-796134963
-786533541
-784243150
-779724566
-774930094
-773283271
-772651900
-772376165
-765362269
-761113317
-755149050
-754993780
-748435595
-746527160
-745054747
-743434005
-740870173
-738206441
-735073357
-728402783
-726446933
-720259915
-713162375
-706997671
-705690107
-704727362
-704625050
-697475292
-689918266
-682619578
-680796852
-679892743
-677558398
-675764060
-668997181
-666824615
-661585532
-660839726
-660189772
-649074322
-640146948
-639181760
-635550663
-635433694
-631847674
-619685882
-615595392
-604585655
-597531201
-593973509
-591290730
-591260813
-587917740
-586565646
-579581139
-574774890
-564890002
-560528235
-559020671
-557005309
-554875921
-554287993
-550604619
-546444883
-545477928
-543022622
-531863951
-531840187
-531180614
-527688031
-525424679
-523921965
-518566149
-510000116
-508933626
-508843540
-500724866
-500004930
-499670850
-491120099
-488833597
-488029733
-487389334
-481780320
-480908106
-480811248
-480217312
-474469984
-470510086
-470306373
-463045075
-462809884
-457982008
-456406491
-456072248
-455802162
-449057047
-439463520
-435190933
-434596326
-431272730
-427727441
-413237929
-410043003
-409011831
-405643928
-402256869
-401975638
-400295247
-394661631
-391463394
-390793367
-383049444
-380220734
-376749929
-374622998
-372492383
-371096831
-352798234
-350759294
-348921904
-345702681
-343115658
-333532610
-333258637
-333157798
-326399006
-326161308
-323899593
-321289912
-321113981
-320466273
-316428603
-316057551
-313149501
-303328866
-299002806
-298931341
-296546084
-289860271
-289719642
-272245251
-271332577
-270851191
-269978605
-267772051
-260734360
-254510989
-246473630
-241457764
-237939281
-232218665
-230912824
-228427545
-228029777
-227548039
-225809867
-224794787
-221980898
-221015143
-218419551
-216833775
-209741909
-209114999
-203270765
-188456467
-180885534
-180643249
-175989568
-172116272
-159213494
-148408283
-144713820
-120420005
-119668419
-119054141
-117085513
-111698733
-108037133
-106733317
-105069648
-98205129
-96349213
-94319744
-90748182
-88799776
-66273524
-60826945
-53574652
-43537901
-27937435
-23312030
-19405785
-12890328
-12864389
-11896606
-8856121
-527857
-113363
5212144
6605186
11189600
12660661
14226705
16186570
28692402
32368138
37160315
45113268
46631413
60758347
73482898
81022012
81988046
83080722
90784980
92788869
98791148
111588935
115177650
121417745
121425062
122752715
126265913
126482949
132080640
133802386
135348232
135478956
149699618
155819381
157305505
157459712
158545696
161772410
162988789
164560351
165840975
167345265
168370327
173652573
174962990
177026317
178233103
179352054
193828245
207916146
218165586
219879601
220687716
223306853
224427676
231368580
231657152
232622526
241113946
254988256
261417191
299960405
301660921
301723830
303668359
303998128
304826844
305218084
308389819
317621437
328958399
336313646
336323367
349283752
349414869
357429426
359885139
360494650
367681233
369746363
373698474
379119081
385470950
390958565
395685720
395912507
397090525
397438904
399722165
401117343
411693128
416713877
419783192
430903983
431620319
433944447
434060230
435060358
443419107
446934464
449556874
449905163
451123846
457491195
460133484
461635528
462248538
477836236
481855254
485341162
495568398
498309051
503810497
504415033
514747883
516180475
519483609
519517124
525155404
529247464
534266671
535414245
535936598
537734317
540115226
542334694
544161237
557637213
558243750
566051360
568093806
569707675
574872587
580098171
592588134
620647828
622453292
623714892
624321142
628591201
650663581
653845286
665806314
669868074
670601888
673170183
675078743
684620972
685072188
686616570
687390787
689255519
692665415
697974609
702933714
704624465
712125265
716148383
718157468
718774478
719090285
722951823
732715552
734531888
738858813
738931118
745926178
748585167
768905543
769280455
787086959
791259296
794518010
795406535
797254641
797475754
808296710
810206013
812483044
813818196
814585068
820441479
823396642
824861878
839976892
842158660
842770628
845118179
848185149
862251311
862336203
863714585
867016210
872363942
873539626
877782168
878627259
887723562
892103436
905097260
912036999
913271370
921738884
924301238
925036867
934505457
935948686
936810317
938175764
948668639
950635624
951355958
952920823
959302305
960887467
972907952
986999333
987137332
993218783
995281479
995642206
998917853
999102421
1001893329
1001914036
1002028692
1011613421
1012273688
1017092128
1020265708
1020589968
1022918371
1025917170
1027245704
1029825982
1030323437
1042514579
1052779884
1057786503
1059117558
1063993396
1073330754
1074856074
1075023547
1077373925
1080471045
1082284453
1083329100
1086323490
1090394792
1093212334
1095798003
1100077864
1110145453
1113087612
1114837923
1117333995
1143295880
1145063605
1145625900
1149128150
1150251952
1151267893
1153004605
1156386361
1157660993
1164182326
1179202547
1192088934
1196710779
1196907022
1201878111
1209290415
1217750876
1231853594
1235203645
1244667247
1249710084
1251528545
1253362932
1261911929
1264449118
1271681022
1280422063
1284621290
1285666617
1286465510
1290836317
1295760152
1311895401
1323180419
1324921060
1331165937
1333047514
1333980889
1336546275
1341353884
1343606174
1347640485
1356972849
1358987439
1362175955
1362796865
1367382095
1371909373
1372089910
1377735880
1400384184
1408705654
1411869451
1413137125
1414512127
1422694217
1423088282
1425707779
1426973139
1440059274
1443836192
1455122981
1455769540
1470219460
1470662470
1471552913
1472510523
1473139832
1482067375
1485181462
1490780097
1491223940
1502430757
1506711256
1507914210
1511325711
1513249273
1514595230
1520728415
1523360157
1527466647
1527804880
1532630484
1534853159
1539872351
1541442679
1547016904
1552468851
1553176153
1553918145
1558707764
1570674457
1571513528
1577433443
1583931157
1587430005
1601246912
1603800556
1609024777
1618421994
1621350258
1621488843
1625862549
1629157988
1638482830
1644660431
1647295163
1648784258
1663679012
1663882715
1670546255
1671572626
1674770224
1680204331
1682684732
1685816084
1687007622
1689360003
1697195479
1699823672
1700653576
1707271105
1710617395
1715298385
1719514054
1720898546
1730480095
1735938420
1735974852
1742084354
1755869585
1758900714
1774193376
1789226810
1795347921
1795646386
1796168693
1800415420
1811275036
1811442869
1811752419
1816536911
1828289908
1842924461
1844138281
1845685479
1846550372
1850212800
1852399351
1854091633
1855237043
1864962335
1866137805
1866409495
1878722367
1879595200
1882969364
1885460879
1886349417
1888614301
1891060291
1895359284
1895660580
1900685510
1904114924
1905594687
1909597666
1912220493
1914456409
1918255465
1920489055
1920919930
1933400754
1934278001
1947951111
1949514843
1955639970
1960221107
1965839658
1972160491
1978113116
1978182298
1982509866
1987280434
1987657149
1990360195
2001365964
2004594656
2013465555
2020429351
2020654973
2026085045
2030642848
2038157726
2039498610
2042487478
2046618391
2048533360
2049366208
2051175943
2058965679
2062698720
2065244454
2076708501
2082195616
2086705311
2090982351
2091883504
2092137567
2092274454
2096528764
2098463179
2104080290
2104280848
2107363106
2107894615
2109685471
2113341976
2114014502
2116891403
2118896049
2120383845
2121957609
2122464267
2122839110
2124395957
2128359606
2130770666
2131048753
2131845764
2132816352
2138654408
2140352704
2140467256
2147475292
